/*--------------------------------*- C++ -*----------------------------------*\
| =========                 |                                                 |
| \\      /  F ield         | OpenFOAM: The Open Source CFD Toolbox           |
|  \\    /   O peration     | Version:  2506                                  |
|   \\  /    A nd           | Website:  www.openfoam.com                      |
|    \\/     M anipulation  |                                                 |
\*---------------------------------------------------------------------------*/
FoamFile
{
    version     2.0;
    format      ascii;
    arch        "LSB;label=32;scalar=64";
    class       volScalarField;
    location    "1.675";
    object      p;
}
// * * * * * * * * * * * * * * * * * * * * * * * * * * * * * * * * * * * * * //

dimensions      [0 2 -2 0 0 0 0];

internalField   nonuniform List<scalar> 
6400
(
-1.25553e-08
-3.61574e-06
-6.74725e-05
-0.000189185
-0.000353858
-0.000548164
-0.000760531
-0.000981156
-0.00120202
-0.00141673
-0.00162025
-0.00180867
-0.00197901
-0.002129
-0.00225697
-0.0023617
-0.00244232
-0.00249822
-0.00252899
-0.00253435
-0.00251411
-0.00246818
-0.00239649
-0.00229902
-0.00217583
-0.00202698
-0.00185262
-0.00165298
-0.00142838
-0.00117925
-0.000906155
-0.000609831
-0.00029119
4.86606e-05
0.00040839
0.000786431
0.00118098
0.00158997
0.00201109
0.00244178
0.00287923
0.00332042
0.00376211
0.0042009
0.00463324
0.00505547
0.00546389
0.00585477
0.00622446
0.00656938
0.00688615
0.0071716
0.00742284
0.00763735
0.00781299
0.00794808
0.00804148
0.00809254
0.00810122
0.00806805
0.00799419
0.00788141
0.00773211
0.00754928
0.00733652
0.00709797
0.00683833
0.00656279
0.00627703
0.00598717
0.00569976
0.00542176
0.00516045
0.00492346
0.00471858
0.00455351
0.00443514
0.00436867
0.00435618
0.00438441
3.51209e-06
-8.15997e-08
-5.64514e-05
-0.000159644
-0.000297581
-0.000460735
-0.000640317
-0.000828424
-0.00101826
-0.00120417
-0.00138155
-0.00154669
-0.00169666
-0.00182917
-0.00194247
-0.0020352
-0.00210638
-0.00215526
-0.0021813
-0.00218412
-0.00216342
-0.00211903
-0.00205082
-0.00195872
-0.00184275
-0.00170296
-0.00153949
-0.00135256
-0.00114247
-0.000909661
-0.000654685
-0.000378253
-8.12468e-05
0.000235269
0.000570029
0.000921549
0.00128812
0.00166783
0.00205849
0.00245773
0.00286295
0.00327135
0.00367994
0.00408559
0.00448503
0.00487492
0.00525188
0.0056125
0.00595345
0.00627151
0.00656359
0.00682685
0.00705869
0.00725685
0.00741945
0.00754502
0.00763256
0.00768158
0.0076921
0.00766469
0.00760048
0.00750118
0.00736904
0.00720688
0.00701805
0.00680637
0.00657618
0.00633224
0.00607972
0.00582417
0.00557144
0.00532766
0.00509917
0.00489239
0.00471368
0.00456904
0.00446337
0.0044002
0.00438414
0.00441256
6.75119e-05
5.61298e-05
-6.61066e-07
-9.60471e-05
-0.000220042
-0.000365137
-0.000524344
-0.000691147
-0.0008598
-0.00102539
-0.00118381
-0.00133167
-0.00146624
-0.00158532
-0.00168719
-0.00177049
-0.00183421
-0.00187753
-0.00189986
-0.00190076
-0.00187989
-0.001837
-0.00177193
-0.00168459
-0.00157493
-0.00144301
-0.00128891
-0.00111285
-0.000915119
-0.00069611
-0.000456358
-0.000196535
8.25229e-05
0.000379806
0.000694116
0.00102405
0.00136801
0.00172417
0.00209049
0.00246475
0.00284451
0.00322713
0.00360984
0.00398969
0.00436366
0.00472861
0.00508139
0.00541884
0.00573787
0.00603547
0.0063088
0.00655522
0.00677234
0.00695809
0.00711074
0.00722898
0.00731191
0.00735913
0.00737069
0.0073472
0.00728975
0.00719998
0.00708005
0.00693263
0.00676084
0.00656831
0.00635906
0.00613751
0.00590844
0.0056769
0.00544822
0.00522789
0.0050215
0.00483467
0.00467283
0.00454104
0.00444339
0.00438318
0.00436767
0.00440057
0.000190462
0.000159702
9.36863e-05
-2.65215e-06
-0.000122243
-0.000258865
-0.000406712
-0.000560399
-0.000715102
-0.000866628
-0.00101141
-0.00114645
-0.0012693
-0.00137796
-0.00147084
-0.00154665
-0.00160441
-0.00164332
-0.00166279
-0.00166235
-0.00164165
-0.0016004
-0.00153841
-0.00145556
-0.00135178
-0.00122708
-0.00108153
-0.000915299
-0.00072864
-0.000521917
-0.000295614
-5.03518e-05
0.000213089
0.000493769
0.000790561
0.00110215
0.00142703
0.00176348
0.00210958
0.00246324
0.00282214
0.0031838
0.0035456
0.00390476
0.0042584
0.00460356
0.00493727
0.00525653
0.00555841
0.00584008
0.00609885
0.00633221
0.00653793
0.00671404
0.00685893
0.00697138
0.00705056
0.0070961
0.0071081
0.00708714
0.00703431
0.00695118
0.00683981
0.00670275
0.00654299
0.00636394
0.00616938
0.00596346
0.00575062
0.00553554
0.00532311
0.00511832
0.00492621
0.00475179
0.00459991
0.00447513
0.00438121
0.00432155
0.0043045
0.00433585
0.000358554
0.000299284
0.000217208
0.000114047
-6.9242e-06
-0.00014063
-0.000282259
-0.000427465
-0.000572307
-0.000713305
-0.000847452
-0.000972201
-0.00108543
-0.00118539
-0.00127067
-0.00134012
-0.00139283
-0.00142807
-0.00144526
-0.00144396
-0.00142379
-0.00138447
-0.00132579
-0.00124758
-0.00114976
-0.0010323
-0.000895225
-0.000738664
-0.000562822
-0.000368011
-0.00015466
7.66765e-05
0.000325284
0.000590297
0.000870678
0.0011652
0.00147244
0.00179082
0.0021185
0.00245351
0.00279367
0.00313663
0.00347989
0.00382081
0.00415664
0.00448458
0.00480177
0.00510537
0.00539255
0.00566062
0.00590699
0.00612927
0.00632532
0.00649326
0.00663155
0.00673901
0.00681488
0.0068588
0.00687088
0.00685169
0.00680228
0.00672416
0.00661932
0.0064902
0.00633963
0.00617086
0.00598747
0.00579335
0.00559265
0.00538974
0.00518909
0.00499528
0.0048129
0.00464646
0.00450032
0.00437861
0.00428486
0.00422243
0.00419918
0.00422068
0.0005594
0.000465906
0.000362768
0.00024813
0.000121092
-1.42723e-05
-0.000154015
-0.000294741
-0.000433338
-0.000567009
-0.000693317
-0.000810176
-0.000915831
-0.00100882
-0.00108795
-0.00115225
-0.00120091
-0.0012333
-0.0012489
-0.00124728
-0.0012281
-0.00119107
-0.00113595
-0.00106258
-0.000970814
-0.000860598
-0.000731923
-0.000584858
-0.000419552
-0.000236254
-3.5326e-05
0.000182748
0.000417335
0.000667652
0.00093275
0.0012115
0.00150258
0.0018045
0.00211556
0.00243388
0.0027574
0.00308387
0.00341091
0.003736
0.00405651
0.00436973
0.00467291
0.0049633
0.00523818
0.00549493
0.00573104
0.00594419
0.0061323
0.00629354
0.00642641
0.00652976
0.00660283
0.00664528
0.0066572
0.00663914
0.00659212
0.00651758
0.00641744
0.00629404
0.00615008
0.00598867
0.0058132
0.00562736
0.00543505
0.00524033
0.00504737
0.00486038
0.00468356
0.00452099
0.00437666
0.00425428
0.00415716
0.00408851
0.00405465
0.00405976
0.000782055
0.000651075
0.000523466
0.000393777
0.000256912
0.0001161
-2.54324e-05
-0.000165154
-0.000300721
-0.000429986
-0.000551062
-0.00066233
-0.000762414
-0.000850165
-0.000924635
-0.000985035
-0.00103072
-0.00106117
-0.00107593
-0.00107463
-0.00105695
-0.0010226
-0.000971363
-0.00090303
-0.000817447
-0.000714505
-0.000594148
-0.00045639
-0.000301316
-0.000129103
5.9962e-05
0.000265477
0.000486895
0.000723524
0.000974509
0.00123882
0.00151524
0.00180238
0.00209863
0.00240222
0.0027112
0.00302341
0.00333658
0.00364826
0.00395592
0.00425693
0.0045486
0.00482826
0.00509325
0.00534098
0.00556899
0.00577501
0.00595695
0.00611303
0.00624173
0.00634191
0.0064128
0.00645405
0.00646571
0.00644831
0.0064028
0.0063306
0.00623352
0.00611382
0.00597411
0.00581735
0.0056468
0.00546595
0.0052785
0.00508827
0.00489917
0.0047151
0.00453994
0.00437744
0.0042312
0.00410463
0.0040008
0.0039227
0.00387459
0.00385873
0.00101688
0.000846789
0.000692528
0.000545224
0.000395718
0.000246529
0.000100283
-4.1269e-05
-0.000176489
-0.000303836
-0.000421956
-0.000529682
-0.000626023
-0.00071015
-0.000781375
-0.000839123
-0.000882914
-0.000912342
-0.000927057
-0.000926746
-0.000911128
-0.000879939
-0.000832943
-0.000769926
-0.000690699
-0.00059511
-0.000483049
-0.000354469
-0.000209383
-4.78907e-05
0.000129806
0.000323389
0.000532408
0.00075627
0.000994217
0.00124532
0.00150846
0.00178234
0.00206547
0.00235617
0.00265256
0.0029526
0.00325407
0.0035546
0.00385173
0.00414288
0.00442542
0.00469669
0.00495407
0.00519498
0.00541699
0.0056178
0.00579533
0.00594777
0.0060736
0.00617163
0.00624107
0.00628151
0.00629299
0.00627596
0.00623134
0.00616047
0.00606511
0.00594741
0.00580992
0.00565547
0.00548719
0.00530845
0.00512275
0.00493375
0.0047451
0.00456048
0.00438351
0.00421765
0.00406621
0.00393227
0.00381874
0.00372839
0.00366319
0.00362326
0.00125551
0.00104574
0.000863561
0.000696906
0.000532727
0.00037296
0.000219726
7.40775e-05
-6.29934e-05
-0.000190514
-0.000307633
-0.000413623
-0.000507869
-0.000589866
-0.000659185
-0.000715475
-0.00075843
-0.000787777
-0.000803269
-0.000804663
-0.00079172
-0.000764203
-0.000721876
-0.000664502
-0.000591867
-0.000503773
-0.000400052
-0.000280584
-0.000145308
5.75591e-06
0.000172498
0.0003547
0.000552008
0.000763926
0.000989803
0.00122881
0.00147994
0.00174199
0.00201355
0.00229305
0.00257868
0.00286847
0.00316027
0.00345178
0.00374057
0.00402408
0.00429972
0.00456484
0.0048168
0.00505304
0.00527107
0.00546859
0.00564347
0.00579384
0.00591814
0.00601513
0.00608396
0.00612416
0.0061357
0.00611898
0.00607486
0.00600459
0.00590988
0.00579281
0.00565583
0.00550169
0.00533343
0.00515427
0.00496761
0.00477692
0.00458572
0.00439748
0.0042156
0.00404334
0.00388374
0.00373964
0.00361381
0.00350885
0.00342437
0.0033584
0.0014907
0.00124132
0.00103062
0.000843513
0.000663247
0.000491288
0.00032933
0.000177795
3.70841e-05
-9.23567e-05
-0.000210147
-0.000315982
-0.000409613
-0.000490845
-0.000559518
-0.000615498
-0.000658657
-0.000688862
-0.000705968
-0.000709812
-0.000700202
-0.00067692
-0.000639734
-0.000588395
-0.000522649
-0.000442249
-0.000346968
-0.000236616
-0.000111047
2.98115e-05
0.000185944
0.000357231
0.000543423
0.000744134
0.000958818
0.00118675
0.00142702
0.00167854
0.00193998
0.00220984
0.00248641
0.00276776
0.00305182
0.00333631
0.00361883
0.00389685
0.00416775
0.00442888
0.00467758
0.00491124
0.00512733
0.00532347
0.00549749
0.00564743
0.00577165
0.00586883
0.00593804
0.00597873
0.00599078
0.00597453
0.00593075
0.00586062
0.00576579
0.00564825
0.00551039
0.00535489
0.00518469
0.00500294
0.00481292
0.004618
0.00442157
0.00422696
0.00403742
0.00385603
0.00368566
0.00352893
0.00338855
0.003267
0.00316161
0.00306837
0.00171604
0.00142755
0.00118819
0.000979997
0.000782723
0.000597432
0.000425456
0.000266649
0.000120868
-1.19315e-05
-0.000131813
-0.000238867
-0.000333199
-0.000414914
-0.000484117
-0.00054088
-0.000585253
-0.000617249
-0.000636825
-0.000643886
-0.000638296
-0.000619861
-0.000588348
-0.000543484
-0.000484982
-0.000412546
-0.000325879
-0.000224713
-0.000108816
2.19788e-05
0.000167757
0.000328508
0.000504093
0.000694235
0.000898498
0.00111626
0.00134673
0.0015889
0.00184154
0.00210323
0.00237231
0.00264694
0.00292507
0.00320445
0.00348269
0.00375725
0.00402551
0.00428478
0.00453234
0.00476552
0.00498171
0.00517845
0.00535346
0.00550469
0.0056304
0.00572915
0.00579989
0.00584199
0.00585523
0.00583984
0.00579649
0.00572631
0.00563085
0.00551205
0.00537222
0.00521399
0.00504022
0.004854
0.00465855
0.00445715
0.00425312
0.0040497
0.00385003
0.00365708
0.0034736
0.00330206
0.00314517
0.00300538
0.00287782
0.00275655
0.00192581
0.00159896
0.00133111
0.00110157
0.00088675
0.000687366
0.000504445
0.000337319
0.00018534
4.80098e-05
-7.51519e-05
-0.000184614
-0.000280815
-0.000364147
-0.000434962
-0.000493548
-0.000540124
-0.000574828
-0.000597727
-0.000608804
-0.000607961
-0.000595023
-0.000569757
-0.000531873
-0.00048104
-0.000416902
-0.000339093
-0.000247264
-0.000141092
-2.0308e-05
0.000115284
0.000265784
0.000431167
0.000611271
0.000805776
0.00101418
0.00123578
0.00146967
0.00171471
0.00196957
0.00223265
0.00250215
0.00277605
0.00305214
0.00332801
0.00360111
0.00386878
0.00412828
0.00437681
0.00461162
0.00483
0.00502936
0.00520732
0.00536169
0.00549058
0.00559244
0.00566608
0.00571072
0.00572603
0.00571213
0.00566959
0.00559944
0.00550314
0.00538257
0.00523997
0.00507792
0.00489924
0.00470698
0.00450431
0.00429448
0.00408076
0.00386635
0.00365434
0.00344765
0.00324895
0.00306065
0.00288555
0.0027261
0.00257534
0.00242555
0.00211481
0.0017505
0.00145457
0.0012037
0.000971081
0.000757149
0.000562649
0.000386434
0.000227388
8.45815e-05
-4.28579e-05
-0.000155748
-0.000254842
-0.000340823
-0.000414267
-0.000475657
-0.00052538
-0.000563706
-0.000590796
-0.000606698
-0.000611355
-0.000604611
-0.000586227
-0.000555884
-0.000513206
-0.000457775
-0.000389152
-0.0003069
-0.000210595
-9.98619e-05
2.56081e-05
0.000166032
0.000321506
0.000491992
0.000677287
0.000877
0.00109054
0.0013171
0.00155564
0.00180489
0.00206332
0.00232918
0.00260048
0.00287501
0.00315035
0.00342394
0.00369304
0.00395484
0.00420648
0.00444506
0.00466777
0.00487189
0.00505485
0.00521434
0.00534829
0.00545498
0.00553306
0.00558162
0.00560015
0.00558864
0.00554754
0.00547777
0.00538071
0.00525816
0.00511229
0.00494564
0.004761
0.00456139
0.00434999
0.00413003
0.00390478
0.00367743
0.0034511
0.0032287
0.00301289
0.00280609
0.0026112
0.00243083
0.00225601
0.00207727
0.00227825
0.0018775
0.00155404
0.00128205
0.00103162
0.000802915
0.000596445
0.0004106
0.000243822
9.47891e-05
-3.77464e-05
-0.000154945
-0.000257853
-0.000347407
-0.000424414
-0.000489548
-0.000543342
-0.000586187
-0.000618334
-0.000639893
-0.000650843
-0.000651037
-0.00064022
-0.000618042
-0.000584078
-0.000537846
-0.000478823
-0.000406477
-0.000320281
-0.000219747
-0.000104448
2.5959e-05
0.000171699
0.000332859
0.00050936
0.000700929
0.000907091
0.00112714
0.00136014
0.00160488
0.00185991
0.00212352
0.00239374
0.00266836
0.00294496
0.00322092
0.00349344
0.00375964
0.00401652
0.00426109
0.00449035
0.00470144
0.00489161
0.00505835
0.00519942
0.00531288
0.00539722
0.0054513
0.00547446
0.00546652
0.00542779
0.00535907
0.00526162
0.00513717
0.00498782
0.00481607
0.0046247
0.00441672
0.00419532
0.00396377
0.00372537
0.00348338
0.00324093
0.00300103
0.00276638
0.00253944
0.00232334
0.00212086
0.00192114
0.00171302
0.00241166
0.00197555
0.00162525
0.0013325
0.00106441
0.000820903
0.000602251
0.000406422
0.000231433
7.55753e-05
-6.27433e-05
-0.000184998
-0.000292527
-0.000386506
-0.000467957
-0.000537726
-0.000596487
-0.000644743
-0.000682826
-0.000710897
-0.000728963
-0.000736881
-0.000734376
-0.00072106
-0.000696451
-0.000659994
-0.000611078
-0.000549071
-0.000473337
-0.000383268
-0.000278309
-0.000157987
-2.19411e-05
0.000130047
0.000298026
0.000481855
0.000681178
0.0008954
0.00112367
0.00136488
0.00161763
0.00188026
0.00215082
0.00242712
0.00270669
0.00298687
0.00326481
0.00353748
0.00380181
0.00405461
0.00429276
0.00451317
0.0047129
0.00488922
0.00503967
0.00516208
0.00525471
0.0053162
0.0053457
0.00534281
0.0053077
0.005241
0.00514385
0.00501788
0.00486515
0.0046881
0.0044895
0.0042724
0.00403999
0.00379563
0.00354268
0.0032845
0.00302433
0.00276528
0.00251017
0.00226157
0.00202288
0.00179714
0.00157164
0.00133361
0.00251081
0.0020405
0.00166414
0.0013511
0.00106564
0.000807449
0.000576562
0.000370534
0.000186987
2.38449e-05
-0.00012082
-0.000248788
-0.00036166
-0.000460848
-0.000547568
-0.000622828
-0.000687436
-0.000741994
-0.000786903
-0.000822368
-0.000848414
-0.000864893
-0.000871509
-0.000867823
-0.000853292
-0.000827279
-0.000789082
-0.000737962
-0.000673165
-0.000593954
-0.00049964
-0.000389613
-0.000263372
-0.000120557
3.90234e-05
0.00021536
0.000408226
0.000617143
0.000841365
0.00107987
0.00133133
0.00159413
0.00186636
0.00214582
0.00243001
0.00271623
0.00300154
0.00328281
0.0035568
0.00382019
0.00406964
0.00430186
0.00451367
0.00470211
0.00486443
0.00499822
0.00510147
0.00517257
0.00521041
0.0052144
0.00518447
0.00512109
0.00502527
0.00489851
0.0047428
0.00456056
0.00435453
0.0041278
0.00388363
0.00362545
0.00335675
0.00308102
0.00280166
0.00252193
0.00224483
0.0019731
0.00171046
0.00146031
0.00120808
0.000939393
0.00257173
0.0020684
0.00166681
0.00133407
0.00103164
0.000758988
0.000515928
0.000299612
0.000107274
-6.35126e-05
-0.000214996
-0.000349246
-0.000468116
-0.00057324
-0.000666014
-0.000747599
-0.000818922
-0.000880675
-0.000933315
-0.000977087
-0.00101202
-0.00103796
-0.00105457
-0.00106136
-0.00105773
-0.00104293
-0.00101618
-0.000976616
-0.00092336
-0.000855541
-0.000772329
-0.000672966
-0.000556803
-0.000423326
-0.000272196
-0.000103276
8.3341e-05
0.000287304
0.000507985
0.000744455
0.000995471
0.00125947
0.00153458
0.00181858
0.00210898
0.00240301
0.00269763
0.00298961
0.00327555
0.00355194
0.00381523
0.00406191
0.00428852
0.00449181
0.00466875
0.00481664
0.00493314
0.00501636
0.00506491
0.00507794
0.00505512
0.00499674
0.00490362
0.00477715
0.00461921
0.00443219
0.00421883
0.00398224
0.00372579
0.00345302
0.00316756
0.00287308
0.00257318
0.00227136
0.0019708
0.00167449
0.00138655
0.00111074
0.0008307
0.00053042
0.00259058
0.00205548
0.00162958
0.00127778
0.00095887
0.000672072
0.000416992
0.000190388
-1.08844e-05
-0.000189591
-0.000348292
-0.000489329
-0.000614801
-0.000726546
-0.000826131
-0.000914861
-0.000993765
-0.00106361
-0.00112492
-0.00117794
-0.00122273
-0.00125908
-0.00128664
-0.00130485
-0.00131302
-0.00131033
-0.00129587
-0.00126867
-0.0012277
-0.00117197
-0.00110048
-0.00101232
-0.000906684
-0.000782896
-0.000640455
-0.000479071
-0.000298684
-9.95067e-05
0.000117958
0.000352892
0.000604144
0.000870216
0.00114926
0.0014391
0.0017372
0.00204074
0.0023466
0.00265141
0.00295162
0.00324352
0.00352333
0.00378726
0.00403157
0.0042527
0.00444728
0.00461227
0.00474499
0.00484321
0.00490521
0.00492981
0.00491644
0.00486512
0.00477647
0.00465173
0.00449268
0.00430163
0.00408135
0.00383498
0.00356599
0.00327807
0.00297503
0.00266076
0.0023391
0.00201381
0.00168838
0.00136604
0.00105139
0.000748613
0.00043952
0.000106447
0.0025637
0.00199813
0.0015489
0.00117875
0.000843912
0.000543363
0.000276491
3.96702e-05
-0.000170613
-0.000357454
-0.000523712
-0.000671995
-0.000804633
-0.000923655
-0.00103079
-0.00112748
-0.00121483
-0.0012937
-0.00136463
-0.0014279
-0.00148355
-0.00153135
-0.00157089
-0.00160154
-0.00162254
-0.00163297
-0.00163178
-0.00161789
-0.00159012
-0.00154733
-0.00148836
-0.00141214
-0.00131768
-0.00120413
-0.00107083
-0.00091731
-0.000743347
-0.000548999
-0.000334629
-0.000100931
0.000151038
0.00041989
0.000703808
0.00100063
0.00130783
0.00162252
0.0019415
0.00226127
0.00257811
0.0028881
0.0031872
0.00347135
0.00373648
0.00397867
0.0041942
0.00437963
0.00453189
0.00464836
0.00472693
0.00476609
0.00476491
0.00472314
0.00464116
0.00452001
0.00436134
0.00416741
0.00394095
0.00368518
0.00340367
0.00310027
0.00277903
0.00244407
0.00209954
0.00174952
0.0013978
0.00104798
0.000705138
0.000373961
3.43851e-05
-0.000332966
0.0024876
0.00189293
0.00142138
0.00103366
0.000683499
0.000369649
9.12692e-05
-0.000155643
-0.000374961
-0.000570105
-0.00074422
-0.000900174
-0.00104051
-0.00116745
-0.00128288
-0.00138833
-0.00148502
-0.00157385
-0.0016554
-0.00172996
-0.00179754
-0.0018579
-0.00191054
-0.00195478
-0.00198975
-0.00201442
-0.00202764
-0.00202816
-0.00201468
-0.00198587
-0.00194042
-0.00187706
-0.00179463
-0.00169211
-0.00156862
-0.00142352
-0.00125641
-0.00106717
-0.000856004
-0.000623471
-0.000370533
-9.83609e-05
0.00019118
0.000495992
0.000813551
0.00114093
0.00147485
0.00181169
0.00214754
0.00247827
0.00279957
0.00310706
0.00339633
0.00366308
0.00390316
0.00411271
0.00428821
0.00442659
0.00452532
0.00458245
0.00459669
0.00456743
0.00449477
0.00437952
0.00422318
0.00402789
0.00379638
0.00353192
0.00323819
0.00291925
0.00257937
0.00222299
0.00185459
0.00147862
0.00109923
0.00072043
0.000347849
-1.32846e-05
-0.000384978
-0.00078839
0.00235893
0.00173658
0.0012438
0.000839325
0.000474505
0.000147849
-0.000141707
-0.000398543
-0.000626884
-0.000830465
-0.00101271
-0.00117674
-0.0013253
-0.00146079
-0.00158524
-0.00170028
-0.00180721
-0.00190698
-0.0020002
-0.00208715
-0.00216781
-0.0022419
-0.00230887
-0.00236794
-0.00241814
-0.00245834
-0.00248724
-0.00250345
-0.00250551
-0.00249192
-0.00246118
-0.00241184
-0.00234255
-0.00225206
-0.00213931
-0.00200345
-0.00184387
-0.00166027
-0.00145268
-0.00122145
-0.000967355
-0.000691723
-0.000396045
-8.24275e-05
0.000246603
0.000588099
0.0009387
0.00129466
0.00165191
0.00200608
0.00235258
0.00268669
0.00300364
0.00329869
0.00356725
0.00380496
0.0040078
0.0041722
0.00429512
0.00437414
0.00440752
0.00439425
0.00433408
0.00422754
0.00407593
0.00388126
0.00364624
0.00337416
0.00306886
0.00273458
0.00237588
0.00199751
0.00160435
0.00120126
0.000792846
0.000383517
-2.04524e-05
-0.000413242
-0.000818901
-0.00126047
0.00217449
0.00152598
0.0010131
0.000592733
0.000213956
-0.000124969
-0.00042534
-0.000691902
-0.000929228
-0.00114136
-0.00133199
-0.00150449
-0.00166179
-0.00180647
-0.00194067
-0.00206614
-0.00218425
-0.00229598
-0.00240195
-0.00250244
-0.00259741
-0.00268651
-0.00276912
-0.00284438
-0.00291121
-0.00296835
-0.00301437
-0.00304773
-0.00306678
-0.00306985
-0.00305525
-0.00302132
-0.0029665
-0.00288933
-0.00278852
-0.00266298
-0.00251191
-0.00233477
-0.00213139
-0.00190196
-0.00164707
-0.00136781
-0.00106566
-0.000742639
-0.00040121
-4.43315e-05
0.000324576
0.000701659
0.00108266
0.00146299
0.00183778
0.00220194
0.00255029
0.00287766
0.00317892
0.00344919
0.0036839
0.00387888
0.00403054
0.0041359
0.0041927
0.00419945
0.0041555
0.00406103
0.00391708
0.00372552
0.00348898
0.00321079
0.00289491
0.00254579
0.00216831
0.00176758
0.00134891
0.000917629
0.000478812
3.73723e-05
-0.000399733
-0.000826029
-0.00126773
-0.00174986
0.00193127
0.00125816
0.000726387
0.000291038
-0.000100956
-0.000451585
-0.000762382
-0.00103845
-0.00128471
-0.00150549
-0.00170476
-0.0018861
-0.00205267
-0.00220718
-0.0023519
-0.00248867
-0.00261892
-0.00274366
-0.00286353
-0.00297879
-0.00308935
-0.00319481
-0.00329449
-0.00338742
-0.00347242
-0.00354808
-0.00361282
-0.00366495
-0.00370265
-0.00372404
-0.00372724
-0.00371037
-0.00367162
-0.00360932
-0.00352192
-0.00340811
-0.00326682
-0.00309728
-0.00289907
-0.00267217
-0.00241699
-0.0021344
-0.00182577
-0.00149299
-0.00113847
-0.000765135
-0.000376451
2.36287e-05
0.00043069
0.000839909
0.00124611
0.00164386
0.00202754
0.00239146
0.00272998
0.0030376
0.00330912
0.00353975
0.00372523
0.00386195
0.00394703
0.00397845
0.00395505
0.00387661
0.00374385
0.00355843
0.00332287
0.00304053
0.00271546
0.00235237
0.00195644
0.00153319
0.0010884
0.00062792
0.000157361
-0.000317819
-0.000789907
-0.00125171
-0.00173176
-0.0022572
0.00162641
0.000930366
0.000380951
-6.8431e-05
-0.000472868
-0.000834607
-0.00115542
-0.00144076
-0.00169588
-0.0019254
-0.00213356
-0.00232415
-0.00250051
-0.0026655
-0.00282151
-0.00297047
-0.00311386
-0.00325272
-0.00338768
-0.00351899
-0.00364652
-0.00376981
-0.00388809
-0.00400029
-0.00410511
-0.00420101
-0.00428627
-0.00435899
-0.0044172
-0.0044588
-0.00448169
-0.00448377
-0.00446299
-0.00441741
-0.00434522
-0.00424484
-0.00411493
-0.00395445
-0.00376272
-0.00353946
-0.00328484
-0.00299953
-0.00268471
-0.00234213
-0.00197408
-0.00158346
-0.00117373
-0.000748929
-0.000313615
0.000127166
0.000567945
0.0010029
0.00142598
0.00183094
0.00221156
0.00256168
0.00287542
0.00314724
0.00337217
0.00354587
0.00366475
0.00372614
0.0037283
0.00367051
0.00355312
0.00337748
0.00314599
0.00286197
0.00252959
0.00215377
0.00174004
0.00129435
0.000823009
0.000332426
-0.00017119
-0.000681776
-0.00119079
-0.00169026
-0.00221118
-0.002783
0.00125727
0.000540025
-2.57231e-05
-0.000488147
-0.000904225
-0.00127646
-0.00160686
-0.00190123
-0.00216514
-0.0024035
-0.00262079
-0.00282102
-0.00300771
-0.00318385
-0.00335196
-0.00351403
-0.00367159
-0.00382571
-0.00397702
-0.00412573
-0.00427169
-0.00441435
-0.00455286
-0.00468605
-0.0048125
-0.00493052
-0.00503823
-0.00513357
-0.00521435
-0.00527828
-0.00532302
-0.00534622
-0.00534557
-0.00531885
-0.00526399
-0.0051791
-0.00506252
-0.00491293
-0.00472935
-0.00451121
-0.0042584
-0.00397133
-0.00365097
-0.00329887
-0.00291719
-0.00250874
-0.00207695
-0.00162592
-0.00116031
-0.000685383
-0.000206903
0.000268931
0.000735577
0.00118626
0.0016141
0.00201224
0.00237402
0.00269312
0.00296371
0.00318063
0.0033395
0.00343688
0.00347033
0.00343856
0.00334141
0.00317989
0.00295619
0.00267355
0.00233624
0.00194939
0.00151887
0.00105113
0.000553001
3.15397e-05
-0.000506397
-0.00105408
-0.00160205
-0.00214149
-0.00270606
-0.00332766
0.000821396
8.47725e-05
-0.000495943
-0.000970382
-0.00139727
-0.00177936
-0.00211892
-0.00242206
-0.00269469
-0.00294198
-0.00316866
-0.00337893
-0.00357649
-0.00376448
-0.0039455
-0.00412163
-0.00429443
-0.00446499
-0.00463395
-0.00480149
-0.00496739
-0.00513105
-0.00529153
-0.00544755
-0.00559756
-0.00573973
-0.00587202
-0.00599218
-0.00609782
-0.00618642
-0.0062554
-0.00630216
-0.0063241
-0.00631873
-0.00628364
-0.00621662
-0.00611571
-0.00597923
-0.00580586
-0.00559471
-0.00534536
-0.00505791
-0.00473306
-0.00437212
-0.00397708
-0.00355059
-0.00309605
-0.00261753
-0.0021198
-0.00160831
-0.00108909
-0.000568736
-5.42621e-05
0.000446969
0.000927394
0.0013794
0.00179548
0.00216843
0.00249148
0.00275854
0.0029643
0.00310443
0.00317569
0.00317608
0.00310484
0.00296254
0.00275107
0.00247354
0.00213427
0.00173859
0.00129274
0.00080364
0.000278748
-0.00027421
-0.000847661
-0.00143413
-0.00202317
-0.00260503
-0.00321624
-0.00389136
0.000316575
-0.000437526
-0.00103179
-0.00151719
-0.00195403
-0.00234533
-0.00269358
-0.00300525
-0.00328652
-0.00354283
-0.00377915
-0.00399988
-0.00420887
-0.0044094
-0.00460417
-0.00479532
-0.00498446
-0.0051727
-0.00536065
-0.00554848
-0.00573591
-0.00592229
-0.00610656
-0.00628736
-0.00646299
-0.00663148
-0.00679063
-0.00693799
-0.00707096
-0.0071868
-0.00728268
-0.00735571
-0.00740301
-0.00742176
-0.00740923
-0.00736286
-0.00728031
-0.00715956
-0.00699889
-0.00679705
-0.00655324
-0.00626723
-0.00593938
-0.00557072
-0.005163
-0.00471869
-0.00424105
-0.00373413
-0.00320274
-0.00265249
-0.00208966
-0.00152121
-0.000954656
-0.00039795
0.000140625
0.000652637
0.00112967
0.00156353
0.00194643
0.00227121
0.00253149
0.00272194
0.00283837
0.00287792
0.00283912
0.00272197
0.00252795
0.00226
0.00192241
0.00152069
0.00106145
0.000552103
7.53734e-07
-0.000584127
-0.00119418
-0.00182112
-0.00245341
-0.00308027
-0.00374135
-0.00447403
-0.000259166
-0.00102877
-0.00163511
-0.00213037
-0.00257628
-0.00297613
-0.00333262
-0.00365255
-0.00394237
-0.00420781
-0.00445402
-0.00468562
-0.00490661
-0.00512039
-0.00532975
-0.00553691
-0.00574351
-0.00595067
-0.006159
-0.00636863
-0.00657924
-0.0067901
-0.00700008
-0.00720769
-0.00741111
-0.00760823
-0.00779666
-0.00797378
-0.00813676
-0.00828263
-0.00840829
-0.00851057
-0.00858627
-0.00863224
-0.0086454
-0.0086228
-0.00856172
-0.00845971
-0.00831466
-0.00812489
-0.00788918
-0.0076069
-0.00727804
-0.00690327
-0.00648403
-0.00602256
-0.00552193
-0.00498609
-0.00441987
-0.00382896
-0.00321988
-0.00259994
-0.00197711
-0.00135998
-0.000757563
-0.000179165
0.000365822
0.00086813
0.00131883
0.00170956
0.00203277
0.00228193
0.00245177
0.0025384
0.00253948
0.00245432
0.00228389
0.00203081
0.00169929
0.001295
0.000824853
0.000296824
-0.00028032
-0.000897302
-0.00154491
-0.00221396
-0.00289172
-0.00356628
-0.00428066
-0.00507529
-0.000907526
-0.00169059
-0.00230749
-0.00281149
-0.00326558
-0.00367329
-0.00403756
-0.00436547
-0.00466377
-0.00493841
-0.00519477
-0.00543765
-0.0056712
-0.00589894
-0.00612375
-0.0063479
-0.00657308
-0.00680043
-0.00703054
-0.00726352
-0.00749899
-0.00773616
-0.00797381
-0.00821035
-0.00844383
-0.00867199
-0.00889227
-0.00910185
-0.00929769
-0.00947657
-0.00963511
-0.00976986
-0.00987729
-0.00995389
-0.00999619
-0.0100009
-0.00996472
-0.0098849
-0.00975883
-0.00958435
-0.00935979
-0.00908404
-0.00875666
-0.00837791
-0.00794885
-0.0074714
-0.00694838
-0.0063836
-0.0057818
-0.00514873
-0.00449109
-0.00381649
-0.00313337
-0.00245092
-0.00177893
-0.00112761
-0.000507381
7.13154e-05
0.000598294
0.00106388
0.00145916
0.00177629
0.00200868
0.00215128
0.0022007
0.00215537
0.0020156
0.0017836
0.0014634
0.00106074
0.000582855
3.82367e-05
-0.000563624
-0.00121259
-0.00189851
-0.00261124
-0.0033367
-0.00406178
-0.00483309
-0.00569439
-0.00162993
-0.00242434
-0.00305026
-0.00356185
-0.00402321
-0.00443807
-0.00480964
-0.00514526
-0.00545194
-0.00573587
-0.00600263
-0.00625719
-0.00650385
-0.00674624
-0.00698733
-0.00722945
-0.00747434
-0.00772313
-0.00797643
-0.0082343
-0.00849634
-0.00876168
-0.00902901
-0.00929665
-0.00956252
-0.00982422
-0.010079
-0.0103239
-0.0105556
-0.0107706
-0.0109654
-0.011136
-0.0112788
-0.0113897
-0.0114649
-0.0115007
-0.0114933
-0.0114396
-0.0113363
-0.0111808
-0.0109709
-0.010705
-0.0103822
-0.0100021
-0.00956552
-0.00907385
-0.00852963
-0.00793641
-0.00729882
-0.00662257
-0.00591447
-0.0051824
-0.00443523
-0.00368275
-0.0029355
-0.00220463
-0.00150168
-0.000838312
-0.000226088
0.000323856
0.000801107
0.00119629
0.00150134
0.00170981
0.00181706
0.00182047
0.0017195
0.00151581
0.00121312
0.000817146
0.000335407
-0.000223084
-0.000848094
-0.00152857
-0.00225334
-0.00301119
-0.00378659
-0.00456507
-0.00539715
-0.00633011
-0.00242748
-0.00323109
-0.00386444
-0.00438246
-0.00485015
-0.00527148
-0.00564986
-0.0059929
-0.00630785
-0.00660113
-0.00687852
-0.00714514
-0.00740543
-0.00766314
-0.00792132
-0.00818237
-0.00844805
-0.00871953
-0.00899739
-0.0092817
-0.009572
-0.00986736
-0.0101664
-0.0104673
-0.010768
-0.0110658
-0.0113578
-0.0116409
-0.0119116
-0.0121661
-0.0124005
-0.0126108
-0.0127926
-0.0129418
-0.013054
-0.013125
-0.0131507
-0.0131272
-0.0130509
-0.0129186
-0.0127275
-0.0124753
-0.0121606
-0.0117825
-0.0113412
-0.0108377
-0.0102741
-0.00965359
-0.00898058
-0.00826069
-0.00750077
-0.00670889
-0.0058943
-0.00506734
-0.00423932
-0.00342234
-0.00262907
-0.0018725
-0.00116567
-0.000521307
4.85001e-05
0.000532654
0.000921407
0.00120669
0.00138238
0.00144457
0.0013917
0.00122463
0.000946669
0.000563405
8.25456e-05
-0.000486391
-0.00113241
-0.00184348
-0.00260734
-0.00341159
-0.00423911
-0.00507395
-0.00597082
-0.00698077
-0.00330099
-0.00411161
-0.00475079
-0.00527406
-0.00574715
-0.00617422
-0.00655891
-0.00690906
-0.00723217
-0.00753485
-0.00782305
-0.00810207
-0.00837649
-0.00865014
-0.00892617
-0.00920704
-0.00949456
-0.00978991
-0.0100937
-0.0104059
-0.0107261
-0.0110533
-0.0113861
-0.0117225
-0.0120603
-0.0123968
-0.0127289
-0.0130532
-0.013366
-0.0136634
-0.0139411
-0.0141947
-0.0144196
-0.0146112
-0.0147647
-0.0148754
-0.0149387
-0.0149501
-0.0149055
-0.014801
-0.0146331
-0.0143991
-0.0140967
-0.0137245
-0.013282
-0.0127697
-0.0121892
-0.0115432
-0.0108358
-0.0100725
-0.00926002
-0.00840656
-0.00752168
-0.00661622
-0.00570222
-0.00479273
-0.00390158
-0.00304317
-0.00223207
-0.00148276
-0.00080918
-0.00022434
0.000260089
0.000634168
0.000890048
0.00102227
0.00102798
0.000907069
0.000662203
0.000298715
-0.000175587
-0.000750731
-0.00141495
-0.00215519
-0.00295803
-0.00380974
-0.00469149
-0.00558566
-0.00655148
-0.00764404
-0.00425092
-0.00506634
-0.00570973
-0.00623708
-0.00671462
-0.00714672
-0.0075372
-0.00789415
-0.00822526
-0.00853734
-0.00883651
-0.00912823
-0.00941718
-0.00970734
-0.0100019
-0.0103034
-0.0106138
-0.0109341
-0.011265
-0.0116066
-0.0119583
-0.0123191
-0.0126876
-0.0130616
-0.0134389
-0.0138166
-0.0141915
-0.0145601
-0.0149183
-0.015262
-0.0155866
-0.0158875
-0.0161596
-0.0163979
-0.0165973
-0.0167524
-0.0168581
-0.0169094
-0.0169014
-0.0168297
-0.0166901
-0.016479
-0.0161937
-0.0158319
-0.0153924
-0.0148751
-0.0142808
-0.0136119
-0.012872
-0.0120662
-0.0112012
-0.0102851
-0.00932765
-0.00834022
-0.00733549
-0.00632741
-0.00533102
-0.00436211
-0.00343694
-0.00257182
-0.00178271
-0.00108476
-0.000491791
-1.58885e-05
0.000333075
0.000547801
0.000623868
0.000559925
0.000357771
2.2297e-05
-0.000438715
-0.00101491
-0.00169376
-0.00246116
-0.0033024
-0.00420238
-0.00514031
-0.0060968
-0.00713588
-0.00831694
-0.0052774
-0.00609541
-0.00674141
-0.00727166
-0.00775271
-0.0081891
-0.00858486
-0.00894825
-0.00928717
-0.0096086
-0.00991884
-0.0102235
-0.0105273
-0.0108344
-0.0111481
-0.011471
-0.011805
-0.0121513
-0.0125106
-0.0128828
-0.0132675
-0.0136636
-0.0140696
-0.0144833
-0.0149024
-0.0153238
-0.0157442
-0.0161599
-0.0165667
-0.0169602
-0.0173355
-0.0176876
-0.0180111
-0.0183006
-0.0185504
-0.0187548
-0.018908
-0.0190043
-0.0190383
-0.0190048
-0.0188989
-0.0187163
-0.0184533
-0.018107
-0.0176753
-0.0171573
-0.0165533
-0.0158648
-0.015095
-0.0142486
-0.0133318
-0.0123527
-0.0113213
-0.0102491
-0.0091495
-0.00803727
-0.00692861
-0.00584076
-0.00479169
-0.0037997
-0.00288291
-0.0020588
-0.00134363
-0.000751893
-0.000295808
1.51589e-05
0.000174686
0.000179873
3.13837e-05
-0.000266566
-0.000706388
-0.00127744
-0.00196649
-0.00275833
-0.0036369
-0.00458558
-0.00558149
-0.00660323
-0.00771999
-0.00899571
-0.0063802
-0.00719862
-0.00784565
-0.00837764
-0.00886125
-0.00930121
-0.00970169
-0.0100711
-0.0104176
-0.0107483
-0.0110696
-0.0113873
-0.0117063
-0.0120307
-0.012364
-0.0127088
-0.0130672
-0.0134403
-0.0138289
-0.0142329
-0.0146519
-0.0150848
-0.01553
-0.0159853
-0.0164483
-0.0169158
-0.0173844
-0.0178501
-0.0183086
-0.0187552
-0.0191849
-0.0195921
-0.0199713
-0.0203164
-0.0206215
-0.0208801
-0.0210859
-0.0212327
-0.0213143
-0.0213247
-0.0212583
-0.0211099
-0.020875
-0.0205498
-0.0201313
-0.0196178
-0.0190088
-0.0183049
-0.0175087
-0.0166242
-0.0156574
-0.014616
-0.01351
-0.0123512
-0.0111533
-0.00993203
-0.00870462
-0.00748976
-0.00630719
-0.00517724
-0.00412037
-0.0031566
-0.00230485
-0.00158236
-0.00100402
-0.000581827
-0.000324378
-0.000236479
-0.000318931
-0.000568471
-0.00097792
-0.0015365
-0.00223032
-0.00304307
-0.0039573
-0.00495471
-0.00601012
-0.00709997
-0.0082989
-0.0096757
-0.00755874
-0.00837547
-0.00902197
-0.00955456
-0.0100398
-0.0104826
-0.0108872
-0.0112623
-0.0116161
-0.0119558
-0.0122881
-0.0126188
-0.012953
-0.013295
-0.0136482
-0.0140154
-0.0143986
-0.0147992
-0.0152179
-0.0156547
-0.0161091
-0.0165801
-0.017066
-0.0175647
-0.0180735
-0.0185892
-0.0191084
-0.0196268
-0.02014
-0.0206431
-0.0211306
-0.0215968
-0.0220358
-0.0224411
-0.022806
-0.0231239
-0.0233877
-0.0235905
-0.0237254
-0.0237857
-0.0237648
-0.0236568
-0.0234562
-0.0231582
-0.022759
-0.0222558
-0.021647
-0.0209327
-0.0201145
-0.0191955
-0.0181814
-0.0170794
-0.0158992
-0.0146528
-0.0133542
-0.0120198
-0.0106679
-0.0093186
-0.0079933
-0.00671451
-0.00550513
-0.00438789
-0.00338466
-0.00251569
-0.00179894
-0.00124933
-0.000878143
-0.000692497
-0.000695045
-0.00088382
-0.00125232
-0.00178983
-0.00248189
-0.00331113
-0.00425861
-0.00530427
-0.00642043
-0.00758109
-0.00886674
-0.0103512
-0.00881212
-0.0096251
-0.0102696
-0.0108017
-0.0112877
-0.0117326
-0.0121408
-0.012521
-0.0128817
-0.0132302
-0.0135733
-0.0139169
-0.0142662
-0.0146257
-0.0149989
-0.0153886
-0.0157971
-0.0162256
-0.0166749
-0.0171452
-0.0176359
-0.018146
-0.0186739
-0.0192173
-0.0197736
-0.0203396
-0.0209115
-0.0214852
-0.0220558
-0.0226183
-0.0231671
-0.023696
-0.0241988
-0.0246684
-0.025098
-0.0254801
-0.0258071
-0.0260715
-0.0262656
-0.0263818
-0.0264127
-0.0263515
-0.0261917
-0.0259275
-0.0255541
-0.0250675
-0.0244652
-0.0237462
-0.022911
-0.0219622
-0.0209044
-0.0197445
-0.0184917
-0.0171579
-0.0157573
-0.0143068
-0.0128256
-0.0113351
-0.0098585
-0.00842041
-0.00704627
-0.00576169
-0.0045917
-0.00355992
-0.00268772
-0.00199336
-0.00149128
-0.00119139
-0.00109863
-0.00121273
-0.00152821
-0.00203466
-0.00271722
-0.00355749
-0.00453503
-0.00562786
-0.0068056
-0.0080396
-0.00941651
-0.0110156
-0.0101391
-0.0109464
-0.0115874
-0.012118
-0.0126039
-0.0130501
-0.0134612
-0.0138461
-0.0142132
-0.0145701
-0.0149236
-0.0152798
-0.015644
-0.0160208
-0.0164138
-0.0168261
-0.0172597
-0.0177162
-0.0181965
-0.0187006
-0.0192282
-0.0197782
-0.0203489
-0.0209383
-0.0215435
-0.0221614
-0.0227879
-0.023419
-0.0240496
-0.0246743
-0.0252874
-0.0258825
-0.0264527
-0.026991
-0.0274896
-0.0279407
-0.0283361
-0.0286675
-0.0289265
-0.0291047
-0.0291939
-0.0291861
-0.0290738
-0.0288503
-0.0285095
-0.0280464
-0.0274573
-0.02674
-0.025894
-0.0249208
-0.0238241
-0.0226101
-0.0212874
-0.0198675
-0.0183647
-0.0167963
-0.0151822
-0.0135449
-0.0119094
-0.0103022
-0.0087515
-0.00728588
-0.00593375
-0.00472238
-0.00367694
-0.0028195
-0.00216813
-0.00173605
-0.00153102
-0.00155493
-0.00180372
-0.00226762
-0.0029316
-0.00377629
-0.00477974
-0.00591799
-0.00715768
-0.00846729
-0.00993997
-0.0116606
-0.011538
-0.0123378
-0.0129742
-0.0135022
-0.0139871
-0.014434
-0.0148474
-0.0152363
-0.0156093
-0.015974
-0.0163373
-0.0167056
-0.0170842
-0.0174778
-0.0178902
-0.0183246
-0.0187831
-0.0192675
-0.0197785
-0.0203166
-0.0208812
-0.0214714
-0.0220857
-0.0227217
-0.0233769
-0.0240478
-0.0247306
-0.0254208
-0.0261134
-0.0268029
-0.0274831
-0.0281474
-0.0287886
-0.0293992
-0.029971
-0.0304957
-0.0309644
-0.0313681
-0.0316977
-0.0319439
-0.0320976
-0.0321498
-0.032092
-0.0319162
-0.0316152
-0.0311829
-0.0306142
-0.0299057
-0.0290557
-0.0280644
-0.0269346
-0.0256713
-0.0242826
-0.0227793
-0.0211757
-0.0194889
-0.0177395
-0.0159511
-0.01415
-0.0123649
-0.0106266
-0.00896672
-0.00741722
-0.00600931
-0.00477233
-0.00373263
-0.00291243
-0.00232884
-0.001993
-0.00190954
-0.00207634
-0.00248461
-0.00311944
-0.00396067
-0.00498487
-0.00616597
-0.00746744
-0.00885461
-0.0104275
-0.0122768
-0.013007
-0.0137978
-0.0144283
-0.0149529
-0.0154361
-0.0158828
-0.0162978
-0.0166901
-0.0170682
-0.01744
-0.0178124
-0.018192
-0.0185842
-0.0189938
-0.0194249
-0.0198806
-0.0203634
-0.0208749
-0.0214163
-0.0219879
-0.0225894
-0.0232198
-0.0238776
-0.0245607
-0.0252664
-0.0259913
-0.0267313
-0.0274821
-0.0282385
-0.0289946
-0.0297442
-0.0304804
-0.0311956
-0.031882
-0.0325308
-0.0331332
-0.0336798
-0.0341609
-0.0345664
-0.0348864
-0.0351107
-0.0352294
-0.0352329
-0.035112
-0.0348582
-0.0344641
-0.0339235
-0.0332313
-0.0323847
-0.0313825
-0.0302261
-0.0289196
-0.02747
-0.0258874
-0.0241854
-0.0223813
-0.0204958
-0.0185533
-0.0165815
-0.014611
-0.012675
-0.0108084
-0.00904672
-0.00742542
-0.00597835
-0.00473657
-0.00372703
-0.00297133
-0.00248466
-0.002275
-0.00234274
-0.00268062
-0.00327417
-0.00410267
-0.00514127
-0.00636175
-0.00772419
-0.00919046
-0.0108678
-0.012853
-0.0145439
-0.0153243
-0.015948
-0.0164684
-0.0169491
-0.0173949
-0.0178108
-0.0182057
-0.0185881
-0.018966
-0.0193466
-0.0197363
-0.020141
-0.0205656
-0.0210141
-0.02149
-0.0219959
-0.0225336
-0.0231044
-0.0237087
-0.0243462
-0.0250163
-0.0257174
-0.0264474
-0.0272037
-0.0279828
-0.0287808
-0.029593
-0.0304142
-0.0312386
-0.0320594
-0.0328697
-0.0336615
-0.0344265
-0.0351557
-0.0358396
-0.0364682
-0.0370311
-0.0375176
-0.0379168
-0.0382176
-0.0384091
-0.0384804
-0.0384214
-0.0382222
-0.0378741
-0.0373692
-0.0367013
-0.035866
-0.0348606
-0.0336852
-0.0323425
-0.0308381
-0.0291814
-0.0273852
-0.0254662
-0.0234454
-0.0213475
-0.0192014
-0.0170394
-0.0148971
-0.0128123
-0.0108245
-0.00897341
-0.00729773
-0.00583369
-0.00461354
-0.00366401
-0.00300506
-0.00264875
-0.00259864
-0.00284959
-0.00338804
-0.00419302
-0.0052384
-0.00649376
-0.00791559
-0.00946206
-0.011248
-0.0133764
-0.0161463
-0.0169153
-0.0175312
-0.0180468
-0.0185243
-0.0189687
-0.0193846
-0.0197811
-0.0201669
-0.0205498
-0.0209372
-0.0213357
-0.0217514
-0.0221893
-0.0226537
-0.0231482
-0.0236756
-0.024238
-0.0248366
-0.0254722
-0.0261447
-0.0268533
-0.0275968
-0.028373
-0.0291794
-0.0300125
-0.0308684
-0.0317424
-0.0326292
-0.0335227
-0.0344161
-0.035302
-0.0361724
-0.0370185
-0.0378308
-0.0385993
-0.0393135
-0.0399623
-0.0405342
-0.0410175
-0.0414002
-0.0416703
-0.0418159
-0.0418255
-0.041688
-0.0413933
-0.0409321
-0.0402966
-0.0394808
-0.0384805
-0.0372942
-0.0359229
-0.0343712
-0.0326468
-0.0307618
-0.0287322
-0.0265784
-0.0243256
-0.0220034
-0.0196455
-0.0172897
-0.0149768
-0.01275
-0.0106534
-0.008731
-0.00702447
-0.00557193
-0.00440595
-0.00355198
-0.003027
-0.00283851
-0.00298418
-0.00345195
-0.00422099
-0.00526409
-0.0065487
-0.00802751
-0.0096547
-0.0115529
-0.0138318
-0.0178115
-0.0185683
-0.019176
-0.0196863
-0.0201601
-0.0206022
-0.0210174
-0.0214145
-0.0218023
-0.0221888
-0.0225814
-0.022987
-0.0234118
-0.0238609
-0.0243391
-0.0248501
-0.0253968
-0.0259817
-0.0266062
-0.0272712
-0.0279767
-0.0287223
-0.0295066
-0.0303278
-0.0311832
-0.0320695
-0.0329828
-0.0339183
-0.0348706
-0.0358335
-0.0368002
-0.0377628
-0.0387131
-0.0396419
-0.0405395
-0.0413951
-0.0421979
-0.0429359
-0.0435971
-0.0441689
-0.0446382
-0.0449923
-0.0452179
-0.0453025
-0.0452335
-0.0449995
-0.0445896
-0.0439946
-0.0432066
-0.04222
-0.0410313
-0.03964
-0.038049
-0.0362646
-0.0342975
-0.0321627
-0.0298801
-0.0274747
-0.0249763
-0.0224201
-0.0198455
-0.0172962
-0.014819
-0.0124625
-0.0102759
-0.00830696
-0.00660008
-0.00519435
-0.00412156
-0.00340443
-0.00305532
-0.00307553
-0.00345519
-0.00417413
-0.00520439
-0.00651135
-0.00804377
-0.00975154
-0.0117656
-0.0142022
-0.0195367
-0.0202809
-0.0208802
-0.0213848
-0.0218544
-0.0222937
-0.0227072
-0.0231038
-0.0234922
-0.0238805
-0.0242764
-0.0246868
-0.0251182
-0.0255761
-0.0260654
-0.0265901
-0.0271535
-0.0277581
-0.0284058
-0.0290975
-0.0298337
-0.0306138
-0.0314369
-0.0323011
-0.0332039
-0.034142
-0.0351115
-0.0361076
-0.0371248
-0.0381568
-0.0391966
-0.0402362
-0.0412671
-0.0422798
-0.0432639
-0.0442086
-0.0451021
-0.0459321
-0.0466857
-0.0473494
-0.0479096
-0.0483522
-0.048663
-0.0488282
-0.048834
-0.0486675
-0.0483163
-0.0477695
-0.0470176
-0.0460531
-0.0448709
-0.0434685
-0.041847
-0.040011
-0.0379697
-0.0357367
-0.0333309
-0.0307768
-0.0281044
-0.0253493
-0.0225527
-0.0197607
-0.0170234
-0.014394
-0.011927
-0.0096763
-0.00769328
-0.00602416
-0.00470788
-0.00377385
-0.00324027
-0.00311302
-0.00338525
-0.00403811
-0.0050433
-0.00636432
-0.00794591
-0.00973339
-0.0118663
-0.0144677
-0.021319
-0.0220508
-0.0226416
-0.0231404
-0.0236056
-0.0240413
-0.0244522
-0.0248469
-0.0252342
-0.0256222
-0.0260189
-0.0264315
-0.0268666
-0.0273301
-0.0278272
-0.0283622
-0.0289388
-0.0295598
-0.0302273
-0.0309426
-0.0317062
-0.032518
-0.033377
-0.0342816
-0.0352294
-0.0362172
-0.037241
-0.038296
-0.0393768
-0.040477
-0.0415893
-0.0427055
-0.0438169
-0.0449137
-0.0459851
-0.0470198
-0.0480055
-0.0489293
-0.0497776
-0.0505362
-0.0511905
-0.0517254
-0.0521258
-0.0523766
-0.0524627
-0.0523697
-0.052084
-0.0515927
-0.0508848
-0.0499508
-0.0487838
-0.0473793
-0.0457365
-0.043858
-0.0417511
-0.039428
-0.0369062
-0.0342092
-0.0313665
-0.0284142
-0.0253944
-0.0223555
-0.0193505
-0.016437
-0.0136747
-0.0111241
-0.00884372
-0.00688756
-0.00530254
-0.00412579
-0.0033824
-0.00308391
-0.00322748
-0.00379637
-0.00476251
-0.00608781
-0.00771292
-0.00957841
-0.0118328
-0.014606
-0.0231554
-0.0238755
-0.0244583
-0.0249515
-0.0254118
-0.0258434
-0.0262506
-0.0266418
-0.027026
-0.0274114
-0.027806
-0.0282174
-0.0286527
-0.0291179
-0.0296188
-0.0301601
-0.0307458
-0.031379
-0.0320623
-0.0327971
-0.0335843
-0.034424
-0.0353155
-0.0362573
-0.037247
-0.0382816
-0.0393572
-0.040469
-0.0416114
-0.042778
-0.0439613
-0.0451531
-0.0463442
-0.0475246
-0.0486832
-0.0498081
-0.0508866
-0.0519053
-0.0528497
-0.0537051
-0.0544558
-0.055086
-0.0555794
-0.0559198
-0.0560908
-0.0560768
-0.0558623
-0.0554332
-0.0547765
-0.0538809
-0.0527375
-0.0513398
-0.0496848
-0.0477733
-0.0456102
-0.043206
-0.0405764
-0.0377436
-0.0347363
-0.0315903
-0.0283485
-0.0250606
-0.0217826
-0.0185759
-0.0155054
-0.0126381
-0.0100399
-0.00777342
-0.00589421
-0.00444809
-0.00346824
-0.00297305
-0.00296482
-0.00342989
-0.00434114
-0.0056593
-0.007321
-0.00926183
-0.0116397
-0.0145913
-0.025043
-0.0257527
-0.0263283
-0.0268162
-0.0272718
-0.0276987
-0.0281009
-0.0284869
-0.0288656
-0.0292453
-0.0296344
-0.0300408
-0.0304719
-0.0309344
-0.0314344
-0.0319771
-0.0325669
-0.0332075
-0.0339016
-0.0346512
-0.0354574
-0.0363207
-0.0372404
-0.0382154
-0.0392433
-0.0403213
-0.0414454
-0.042611
-0.0438124
-0.0450429
-0.0462952
-0.0475607
-0.04883
-0.0500928
-0.0513376
-0.0525522
-0.0537233
-0.0548369
-0.0558781
-0.0568311
-0.0576797
-0.058407
-0.0589959
-0.0594289
-0.0596885
-0.0597576
-0.0596194
-0.0592581
-0.0586589
-0.0578088
-0.0566968
-0.0553144
-0.0536563
-0.0517209
-0.0495113
-0.0470354
-0.0443071
-0.0413469
-0.0381821
-0.0348479
-0.0313872
-0.0278507
-0.0242966
-0.0207898
-0.0174003
-0.0142012
-0.0112663
-0.00866687
-0.00646808
-0.00472543
-0.00348138
-0.00276246
-0.00257742
-0.00291682
-0.00375541
-0.00505328
-0.0067432
-0.00875568
-0.0112583
-0.0143949
-0.026979
-0.0276802
-0.0282501
-0.0287335
-0.0291844
-0.0296059
-0.0300019
-0.0303806
-0.0307509
-0.0311215
-0.031501
-0.0318978
-0.0323197
-0.0327742
-0.0332677
-0.0338061
-0.0343942
-0.0350364
-0.0357357
-0.0364945
-0.0373145
-0.0381961
-0.0391392
-0.0401426
-0.0412044
-0.0423216
-0.0434904
-0.0447062
-0.0459631
-0.0472546
-0.0485731
-0.0499097
-0.051255
-0.0525982
-0.0539276
-0.0552305
-0.0564931
-0.0577009
-0.0588383
-0.059889
-0.0608359
-0.0616612
-0.0623469
-0.0628744
-0.063225
-0.0633804
-0.0633222
-0.0630332
-0.062497
-0.0616985
-0.0606247
-0.0592651
-0.0576122
-0.055662
-0.0534152
-0.0508773
-0.0480599
-0.0449814
-0.0416675
-0.038152
-0.0344774
-0.0306947
-0.0268638
-0.0230525
-0.0193353
-0.0157915
-0.0125025
-0.00954868
-0.00700542
-0.00493889
-0.00340202
-0.00243094
-0.00204228
-0.00223217
-0.00297829
-0.00424088
-0.00594913
-0.00802838
-0.0106564
-0.013984
-0.0289608
-0.0296564
-0.0302224
-0.0307023
-0.0311489
-0.0315645
-0.0319527
-0.0323217
-0.0326804
-0.0330377
-0.0334028
-0.0337845
-0.0341915
-0.0346316
-0.0351122
-0.0356396
-0.0362195
-0.0368566
-0.0375546
-0.0383164
-0.0391439
-0.040038
-0.0409988
-0.0420254
-0.0431159
-0.0442675
-0.0454766
-0.0467383
-0.0480469
-0.0493957
-0.0507769
-0.0521816
-0.0535999
-0.0550209
-0.0564324
-0.0578214
-0.0591737
-0.0604741
-0.0617064
-0.0628538
-0.0638983
-0.0648214
-0.0656041
-0.0662268
-0.0666697
-0.0669131
-0.0669376
-0.0667241
-0.0662547
-0.0655126
-0.0644827
-0.0631525
-0.0615121
-0.0595552
-0.05728
-0.0546894
-0.0517925
-0.0486053
-0.0451513
-0.0414626
-0.0375805
-0.033556
-0.0294498
-0.0253319
-0.0212808
-0.0173815
-0.013723
-0.0103948
-0.00748304
-0.00506538
-0.00320653
-0.00195365
-0.00133285
-0.00134737
-0.00197916
-0.00318951
-0.00490452
-0.00704445
-0.00979766
-0.0133219
-0.0309861
-0.0316798
-0.0322446
-0.0327226
-0.0331652
-0.0335744
-0.0339532
-0.0343096
-0.0346527
-0.034992
-0.035337
-0.0356974
-0.0360825
-0.0365011
-0.0369612
-0.0374701
-0.0380342
-0.0386587
-0.039348
-0.0401056
-0.0409337
-0.0418337
-0.0428059
-0.0438497
-0.0449633
-0.046144
-0.0473883
-0.0486912
-0.050047
-0.0514489
-0.0528888
-0.0543578
-0.0558456
-0.057341
-0.0588316
-0.0603038
-0.0617431
-0.0631336
-0.0644587
-0.0657009
-0.0668414
-0.067861
-0.0687397
-0.0694571
-0.0699923
-0.0703243
-0.0704325
-0.0702964
-0.0698963
-0.0692139
-0.0682321
-0.0669363
-0.0653145
-0.0633578
-0.0610619
-0.0584271
-0.0554598
-0.0521732
-0.0485883
-0.0447351
-0.0406533
-0.0363928
-0.0320146
-0.0275902
-0.0232014
-0.0189382
-0.0148968
-0.011176
-0.00787278
-0.00507724
-0.00286693
-0.00130161
-0.000418569
-0.000229898
-0.000723342
-0.00186247
-0.00357091
-0.00576403
-0.00864135
-0.0123676
-0.033053
-0.0337499
-0.0343168
-0.0347948
-0.0352342
-0.0356363
-0.0360036
-0.0363441
-0.0366671
-0.0369827
-0.037301
-0.0376327
-0.0379881
-0.0383768
-0.038808
-0.0392897
-0.0398293
-0.0404328
-0.0411052
-0.0418506
-0.0426717
-0.0435703
-0.044547
-0.0456014
-0.0467319
-0.0479359
-0.0492097
-0.0505486
-0.0519467
-0.0533969
-0.0548912
-0.0564202
-0.0579735
-0.0595396
-0.0611055
-0.0626574
-0.0641802
-0.0656577
-0.0670727
-0.0684067
-0.0696406
-0.0707544
-0.0717272
-0.0725375
-0.0731636
-0.0735835
-0.073775
-0.0737164
-0.0733867
-0.0727656
-0.0718345
-0.0705765
-0.0689775
-0.0670264
-0.0647161
-0.0620443
-0.0590146
-0.0556372
-0.0519304
-0.0479215
-0.043648
-0.0391584
-0.0345129
-0.0297841
-0.0250558
-0.0204225
-0.0159871
-0.0118573
-0.00814116
-0.00494169
-0.00235044
-0.000441257
0.000735575
0.0011572
0.000828281
-0.000218472
-0.00190512
-0.00414248
-0.00714187
-0.0110748
-0.0351605
-0.0358668
-0.0364401
-0.0369204
-0.0373576
-0.0377518
-0.0381052
-0.0384259
-0.0387234
-0.0390085
-0.0392925
-0.039587
-0.0399035
-0.0402528
-0.0406453
-0.0410902
-0.0415957
-0.0421687
-0.0428152
-0.0435397
-0.0443454
-0.0452347
-0.0462084
-0.0472663
-0.048407
-0.049628
-0.0509255
-0.0522948
-0.0537298
-0.0552234
-0.0567671
-0.0583515
-0.0599659
-0.0615982
-0.0632353
-0.0648629
-0.0664653
-0.068026
-0.0695269
-0.0709493
-0.0722732
-0.0734777
-0.0745414
-0.0754419
-0.0761564
-0.0766617
-0.0769348
-0.0769525
-0.0766923
-0.0761325
-0.0752527
-0.0740341
-0.0724604
-0.0705182
-0.068198
-0.0654946
-0.0624089
-0.0589479
-0.0551271
-0.0509707
-0.0465135
-0.0418019
-0.036895
-0.0318648
-0.0267971
-0.0217896
-0.0169512
-0.0123979
-0.00824894
-0.00462047
-0.00161902
0.000666041
0.00216954
0.0028558
0.00271979
0.00178881
0.000141215
-0.00212985
-0.00524825
-0.00939234
-0.0373082
-0.0380316
-0.0386166
-0.0391022
-0.0395382
-0.0399237
-0.0402604
-0.0405564
-0.040822
-0.0410689
-0.0413095
-0.0415569
-0.041824
-0.0421232
-0.0424661
-0.0428632
-0.0433239
-0.0438562
-0.0444667
-0.0451607
-0.0459422
-0.0468137
-0.0477764
-0.0488303
-0.0499742
-0.0512055
-0.0525206
-0.0539144
-0.0553807
-0.0569123
-0.0585005
-0.0601354
-0.061806
-0.0634999
-0.0652037
-0.0669024
-0.06858
-0.0702193
-0.0718019
-0.0733083
-0.0747179
-0.0760091
-0.0771596
-0.0781462
-0.0789452
-0.0795326
-0.0798839
-0.079975
-0.0797819
-0.0792814
-0.0784516
-0.0772718
-0.0757236
-0.0737916
-0.0714637
-0.0687321
-0.0655946
-0.0620556
-0.0581269
-0.0538299
-0.0491961
-0.0442694
-0.0391067
-0.0337793
-0.0283733
-0.0229891
-0.0177405
-0.0127511
-0.0081509
-0.00406945
-0.000628915
0.00206446
0.00392874
0.00491315
0.00500074
0.00421131
0.00262216
0.000329622
-0.00290365
-0.00726278
-0.039497
-0.0402471
-0.0408501
-0.0413446
-0.0417806
-0.0421562
-0.0424726
-0.0427383
-0.0429643
-0.0431637
-0.0433505
-0.0435394
-0.0437451
-0.0439819
-0.0442629
-0.0446001
-0.0450042
-0.0454844
-0.0460482
-0.0467016
-0.0474492
-0.0482939
-0.0492373
-0.0502795
-0.0514193
-0.0526542
-0.0539804
-0.0553927
-0.0568847
-0.0584488
-0.0600762
-0.0617565
-0.0634784
-0.0652292
-0.0669947
-0.0687597
-0.0705077
-0.0722209
-0.0738802
-0.0754657
-0.0769559
-0.0783288
-0.0795611
-0.0806289
-0.0815076
-0.0821721
-0.082597
-0.082757
-0.0826268
-0.082182
-0.0813988
-0.0802551
-0.0787305
-0.0768075
-0.0744715
-0.0717125
-0.0685252
-0.0649109
-0.0608784
-0.0564455
-0.0516407
-0.0465044
-0.0410911
-0.0354704
-0.0297278
-0.0239654
-0.0183007
-0.0128642
-0.00779575
-0.00323838
0.000669701
0.00380418
0.00606451
0.00738251
0.00772674
0.00710713
0.00559818
0.00329822
-4.46526e-05
-0.0046224
-0.0417289
-0.0425174
-0.0431462
-0.0436538
-0.0440912
-0.0444553
-0.044747
-0.0449753
-0.0451526
-0.0452935
-0.0454142
-0.0455315
-0.0456622
-0.0458227
-0.046028
-0.046292
-0.0466267
-0.0470425
-0.047548
-0.04815
-0.0488537
-0.0496623
-0.0505778
-0.0516003
-0.0527287
-0.0539603
-0.0552912
-0.056716
-0.058228
-0.0598193
-0.0614806
-0.0632012
-0.0649694
-0.0667719
-0.0685943
-0.0704206
-0.0722339
-0.0740157
-0.0757466
-0.0774056
-0.0789711
-0.08042
-0.0817283
-0.0828714
-0.0838238
-0.0845595
-0.085052
-0.085275
-0.085202
-0.0848071
-0.0840653
-0.0829528
-0.0814475
-0.0795297
-0.0771828
-0.0743942
-0.071156
-0.0674666
-0.0633314
-0.0587649
-0.0537919
-0.0484497
-0.0427894
-0.0368782
-0.0308004
-0.0246584
-0.0185723
-0.0126786
-0.00712613
-0.00207074
0.00233301
0.00594176
0.00863463
0.0103236
0.01096
0.0105413
0.00913676
0.00684546
0.00339939
-0.00140028
-0.0440079
-0.0448491
-0.0455131
-0.0460385
-0.0464786
-0.046829
-0.0470904
-0.0472727
-0.0473903
-0.0474598
-0.0475
-0.0475305
-0.0475707
-0.0476393
-0.0477537
-0.0479297
-0.048181
-0.0485193
-0.0489543
-0.0494937
-0.050143
-0.050906
-0.0517848
-0.0527797
-0.0538893
-0.0551109
-0.0564402
-0.0578716
-0.0593981
-0.0610113
-0.0627014
-0.0644574
-0.0662669
-0.0681163
-0.0699904
-0.0718729
-0.0737462
-0.0755914
-0.0773881
-0.0791151
-0.0807498
-0.0822684
-0.0836464
-0.0848582
-0.0858775
-0.0866773
-0.0872303
-0.087509
-0.0874858
-0.0871337
-0.0864261
-0.0853377
-0.0838448
-0.081926
-0.0795624
-0.0767392
-0.073446
-0.0696782
-0.0654382
-0.060737
-0.0555959
-0.0500484
-0.0441423
-0.0379415
-0.0315284
-0.0250045
-0.0184918
-0.0121309
-0.0060789
-0.000503774
0.00442373
0.00854053
0.0117038
0.0138034
0.0147703
0.0145864
0.0133133
0.0110489
0.00750727
0.00248246
-0.0463404
-0.0472515
-0.0479618
-0.0485105
-0.0489544
-0.0492879
-0.0495117
-0.0496376
-0.049682
-0.0496648
-0.0496078
-0.0495339
-0.0494658
-0.0494251
-0.0494318
-0.0495037
-0.0496566
-0.0499035
-0.0502552
-0.0507202
-0.0513045
-0.0520124
-0.0528459
-0.0538052
-0.0548889
-0.0560939
-0.0574157
-0.0588482
-0.0603839
-0.0620139
-0.063728
-0.0655146
-0.0673607
-0.0692521
-0.0711731
-0.0731068
-0.075035
-0.0769379
-0.0787949
-0.0805838
-0.0822813
-0.0838631
-0.0853038
-0.086577
-0.0876555
-0.0885115
-0.0891168
-0.0894428
-0.0894607
-0.0891424
-0.08846
-0.0873867
-0.0858974
-0.0839686
-0.0815799
-0.0787141
-0.0753583
-0.0715054
-0.0671547
-0.062314
-0.0570009
-0.0512453
-0.0450911
-0.0385987
-0.0318476
-0.0249379
-0.0179917
-0.011153
-0.00458565
0.00153125
0.00701113
0.0116708
0.0153441
0.0178964
0.0192353
0.0193235
0.0182121
0.0159953
0.0123669
0.00711359
-0.0487357
-0.0497376
-0.0505072
-0.0510854
-0.0515336
-0.0518457
-0.0520228
-0.0520789
-0.0520339
-0.0519115
-0.0517377
-0.0515394
-0.0513429
-0.0511734
-0.0510537
-0.0510043
-0.0510426
-0.0511834
-0.0514386
-0.0518173
-0.0523261
-0.0529692
-0.0537489
-0.0546652
-0.0557162
-0.0568987
-0.0582074
-0.0596359
-0.061176
-0.0628182
-0.0645519
-0.0663646
-0.0682428
-0.0701717
-0.0721349
-0.0741148
-0.0760926
-0.0780479
-0.0799593
-0.0818039
-0.0835578
-0.0851959
-0.0866919
-0.0880187
-0.0891483
-0.0900519
-0.0907004
-0.091064
-0.0911132
-0.0908184
-0.0901505
-0.0890815
-0.0875845
-0.0856347
-0.0832096
-0.0802901
-0.0768611
-0.0729128
-0.0684418
-0.0634527
-0.0579597
-0.0519887
-0.0455799
-0.0387899
-0.0316946
-0.0243918
-0.0170029
-0.00967367
-0.00257351
0.00410855
0.0101708
0.01541
0.0196355
0.0226856
0.0244416
0.0248434
0.0239276
0.0217817
0.0180767
0.012591
-0.0512069
-0.0523251
-0.0531694
-0.0537835
-0.0542359
-0.0545199
-0.0546381
-0.0546079
-0.0544538
-0.0542043
-0.0538907
-0.0535446
-0.053197
-0.052877
-0.0526106
-0.0524211
-0.0523279
-0.0523474
-0.0524925
-0.0527729
-0.0531956
-0.053765
-0.0544828
-0.055349
-0.0563613
-0.0575156
-0.0588063
-0.0602262
-0.0617664
-0.0634169
-0.065166
-0.0670009
-0.0689073
-0.0708694
-0.0728704
-0.0748919
-0.0769143
-0.0789166
-0.0808767
-0.0827708
-0.0845745
-0.0862616
-0.0878054
-0.0891776
-0.0903496
-0.0912916
-0.0919734
-0.0923644
-0.0924338
-0.092151
-0.0914857
-0.0904084
-0.0888909
-0.0869066
-0.0844315
-0.0814444
-0.0779283
-0.0738708
-0.069266
-0.0641154
-0.0584298
-0.0522316
-0.0455569
-0.0384584
-0.0310081
-0.0233007
-0.0154557
-0.00761983
3.36302e-05
0.00730698
0.0139844
0.0198426
0.0246657
0.028263
0.030486
0.0312474
0.0305653
0.0285172
0.0247472
0.0190242
-0.0537724
-0.0550375
-0.0559746
-0.0566313
-0.0570861
-0.0573328
-0.0573762
-0.0572389
-0.0569512
-0.0565484
-0.0560678
-0.0555472
-0.0550228
-0.0545282
-0.054093
-0.0537434
-0.053501
-0.0533835
-0.0534048
-0.0535752
-0.0539017
-0.0543886
-0.0550373
-0.0558471
-0.0568151
-0.0579365
-0.059205
-0.0606125
-0.0621493
-0.0638046
-0.0655659
-0.0674195
-0.0693503
-0.0713419
-0.0733766
-0.0754353
-0.0774976
-0.0795418
-0.0815448
-0.0834824
-0.0853291
-0.0870582
-0.0886418
-0.0900511
-0.0912564
-0.092227
-0.0929319
-0.0933392
-0.0934172
-0.093134
-0.0924581
-0.0913586
-0.089806
-0.0877721
-0.0852312
-0.0821603
-0.0785402
-0.0743565
-0.0696006
-0.0642712
-0.058376
-0.0519337
-0.0449765
-0.037553
-0.0297311
-0.0216019
-0.0132823
-0.00491848
0.00331353
0.0112088
0.0185385
0.0250598
0.0305309
0.0347303
0.037476
0.0386492
0.0382446
0.0363249
0.0325027
0.026536
-0.0564572
-0.0579065
-0.0589572
-0.059663
-0.0601163
-0.0603122
-0.0602599
-0.0599889
-0.0595377
-0.0589499
-0.0582706
-0.0575447
-0.0568146
-0.0561187
-0.0554908
-0.0549599
-0.0545498
-0.0542794
-0.0541635
-0.0542125
-0.0544335
-0.05483
-0.055403
-0.056151
-0.0570702
-0.058155
-0.0593979
-0.06079
-0.0623207
-0.063978
-0.0657487
-0.0676182
-0.0695705
-0.0715883
-0.073653
-0.0757449
-0.0778425
-0.0799235
-0.0819641
-0.0839391
-0.0858223
-0.087586
-0.0892017
-0.0906395
-0.0918689
-0.0928583
-0.0935754
-0.0939876
-0.0940618
-0.0937651
-0.0930646
-0.0919281
-0.0903246
-0.0882245
-0.0856003
-0.0824272
-0.078684
-0.0743542
-0.0694266
-0.0638973
-0.0577708
-0.0510625
-0.0438007
-0.0360298
-0.0278134
-0.0192385
-0.0104189
-0.00149907
0.0073434
0.0158977
0.0239234
0.0311586
0.0373353
0.0421992
0.0455314
0.0471763
0.0470997
0.0453442
0.0414847
0.0352654
-0.0592952
-0.0609739
-0.0621625
-0.062923
-0.0633669
-0.0634931
-0.0633172
-0.0628787
-0.0622271
-0.0614161
-0.0605007
-0.0595341
-0.0585656
-0.0576393
-0.056793
-0.0560586
-0.0554619
-0.055023
-0.0547568
-0.0546739
-0.0547806
-0.0550799
-0.0555719
-0.0562538
-0.0571208
-0.0581661
-0.0593812
-0.0607558
-0.0622784
-0.0639359
-0.0657141
-0.0675972
-0.0695685
-0.0716096
-0.0737012
-0.0758225
-0.0779514
-0.0800646
-0.0821374
-0.0841439
-0.086057
-0.0878482
-0.0894881
-0.0909459
-0.0921901
-0.0931881
-0.0939066
-0.094312
-0.0943699
-0.0940461
-0.0933065
-0.0921176
-0.0904468
-0.0882629
-0.0855366
-0.0822415
-0.0783542
-0.0738561
-0.0687335
-0.0629798
-0.0565966
-0.0495957
-0.0420017
-0.0338547
-0.025214
-0.0161621
-0.00680891
0.00270343
0.0121971
0.0214568
0.0302313
0.0382409
0.0451909
0.0507921
0.0547851
0.0569722
0.0572835
0.0557349
0.0518548
0.0453707
-0.0623324
-0.0642957
-0.0656496
-0.0664682
-0.0668893
-0.0669188
-0.0665823
-0.0659333
-0.0650352
-0.063955
-0.0627595
-0.0615116
-0.0602683
-0.0590796
-0.0579875
-0.0570267
-0.0562244
-0.0556015
-0.0551729
-0.0549484
-0.0549335
-0.0551302
-0.0555369
-0.0561497
-0.0569624
-0.0579667
-0.0591527
-0.0605089
-0.0620224
-0.0636791
-0.0654634
-0.0673587
-0.0693471
-0.0714093
-0.0735249
-0.0756723
-0.0778286
-0.0799695
-0.0820695
-0.0841019
-0.0860386
-0.0878503
-0.0895066
-0.0909759
-0.0922257
-0.0932223
-0.0939314
-0.0943181
-0.0943471
-0.0939827
-0.0931895
-0.0919326
-0.0901777
-0.0878919
-0.0850444
-0.0816065
-0.0775531
-0.0728629
-0.0675201
-0.061515
-0.0548463
-0.0475222
-0.0395635
-0.0310059
-0.0219042
-0.0123358
-0.00240651
0.00774491
0.0179414
0.0279645
0.0375535
0.0464113
0.054216
0.0606421
0.0653852
0.0681992
0.0689709
0.0676806
0.0637998
0.0570339
-0.0656308
-0.0679463
-0.0694964
-0.0703723
-0.0707487
-0.0706432
-0.0700967
-0.0691816
-0.0679799
-0.0665751
-0.0650477
-0.063472
-0.0619132
-0.0604275
-0.0590608
-0.05785
-0.0568235
-0.0560021
-0.0553999
-0.0550256
-0.0548834
-0.0549734
-0.0552924
-0.0558346
-0.0565922
-0.0575553
-0.0587122
-0.06005
-0.0615545
-0.0632101
-0.0650002
-0.0669068
-0.0689109
-0.0709924
-0.0731298
-0.0753005
-0.0774806
-0.0796451
-0.0817676
-0.0838203
-0.0857745
-0.0875998
-0.089265
-0.0907376
-0.0919838
-0.0929692
-0.0936583
-0.094015
-0.0940026
-0.0935844
-0.0927233
-0.091383
-0.0895275
-0.0871222
-0.0841342
-0.080533
-0.076291
-0.0713847
-0.0657953
-0.0595105
-0.0525253
-0.0448445
-0.0364846
-0.0274768
-0.0178706
-0.0077384
0.00281924
0.0136676
0.0246317
0.0354908
0.0459762
0.0557737
0.064534
0.0718927
0.0774957
0.0810411
0.0823631
0.0813958
0.0775385
0.070467
-0.0692749
-0.0720254
-0.0738052
-0.0747307
-0.0750274
-0.0747326
-0.0739099
-0.0726573
-0.0710809
-0.0692843
-0.0673643
-0.0654076
-0.0634885
-0.0616685
-0.0599972
-0.058513
-0.0572443
-0.0562109
-0.0554258
-0.0548955
-0.054622
-0.0546032
-0.0548337
-0.0553057
-0.0560091
-0.056932
-0.0580612
-0.0593819
-0.0608784
-0.0625337
-0.0643297
-0.0662474
-0.0682666
-0.0703661
-0.0725233
-0.0747147
-0.0769155
-0.0790998
-0.0812401
-0.0833081
-0.0852738
-0.0871063
-0.0887731
-0.0902409
-0.091475
-0.0924398
-0.0930987
-0.0934144
-0.0933491
-0.0928643
-0.0919219
-0.0904836
-0.0885119
-0.0859703
-0.0828237
-0.0790394
-0.0745873
-0.0694412
-0.0635795
-0.0569863
-0.0496531
-0.0415804
-0.0327802
-0.0232784
-0.013119
-0.00236817
0.00887954
0.0204947
0.0323056
0.0440909
0.0555749
0.0664271
0.0762697
0.0846964
0.0912978
0.0957072
0.0976944
0.0971334
0.0933308
0.085921
-0.0733796
-0.0766673
-0.078712
-0.0796667
-0.0798292
-0.0792682
-0.07808
-0.0763978
-0.0743578
-0.0720884
-0.069705
-0.0673072
-0.0649781
-0.0627845
-0.0607781
-0.0589974
-0.0574699
-0.0562134
-0.0552381
-0.0545477
-0.0541413
-0.0540139
-0.0541574
-0.0545613
-0.055213
-0.0560985
-0.0572026
-0.0585086
-0.0599991
-0.0616557
-0.0634588
-0.0653881
-0.0674222
-0.0695387
-0.0717143
-0.0739243
-0.076143
-0.0783435
-0.0804976
-0.0825759
-0.0845477
-0.086381
-0.0880427
-0.0894983
-0.0907121
-0.0916475
-0.0922668
-0.0925315
-0.0924024
-0.0918397
-0.0908037
-0.0892543
-0.0871524
-0.0844592
-0.0811377
-0.0771524
-0.0724707
-0.0670632
-0.060905
-0.0539763
-0.0462644
-0.0377651
-0.0284848
-0.0184434
-0.00767815
0.00375206
0.0157602
0.0282239
0.0409765
0.0537981
0.0664075
0.0784585
0.0895442
0.0992122
0.106991
0.112436
0.11524
0.115196
0.111491
0.103698
-0.0781033
-0.0820548
-0.0843979
-0.0853406
-0.0852847
-0.0843479
-0.0826741
-0.0804428
-0.0778288
-0.0749891
-0.0720595
-0.069153
-0.0663605
-0.0637522
-0.0613803
-0.0592818
-0.0574812
-0.0559929
-0.054823
-0.0539715
-0.0534334
-0.0532002
-0.0532604
-0.0536003
-0.0542049
-0.0550575
-0.0561405
-0.0574355
-0.0589232
-0.0605835
-0.0623955
-0.0643374
-0.0663869
-0.0685202
-0.0707131
-0.0729399
-0.075174
-0.0773876
-0.0795516
-0.0816358
-0.0836086
-0.0854372
-0.0870875
-0.088524
-0.0897103
-0.0906085
-0.0911798
-0.0913846
-0.0911823
-0.0905319
-0.0893918
-0.0877204
-0.0854764
-0.0826192
-0.079109
-0.074908
-0.0699803
-0.0642931
-0.0578176
-0.0505297
-0.0424116
-0.0334533
-0.0236549
-0.0130289
-0.00160396
0.0105699
0.0234155
0.0368198
0.0506244
0.0646135
0.0785033
0.0919334
0.104467
0.1156
0.124789
0.1315
0.135325
0.135954
0.132406
0.124171
-0.0836667
-0.0884391
-0.0911058
-0.0919604
-0.0915567
-0.090088
-0.087766
-0.0848314
-0.0815058
-0.0779789
-0.0744078
-0.0709177
-0.067605
-0.0645404
-0.0617742
-0.0593392
-0.0572548
-0.0555297
-0.0541647
-0.0531545
-0.0524894
-0.0521562
-0.0521396
-0.0524224
-0.0529864
-0.0538122
-0.0548799
-0.0561688
-0.0576579
-0.0593253
-0.0611488
-0.0631053
-0.065171
-0.0673214
-0.069531
-0.0717733
-0.0740207
-0.0762447
-0.0784153
-0.0805015
-0.0824709
-0.0842898
-0.0859232
-0.0873348
-0.0884872
-0.0893416
-0.0898581
-0.0899959
-0.089713
-0.088967
-0.0877148
-0.085913
-0.0835184
-0.0804879
-0.0767794
-0.0723519
-0.0671664
-0.0611861
-0.0543778
-0.0467122
-0.0381658
-0.0287217
-0.0183718
-0.00711976
0.00501619
0.0179979
0.0317609
0.0462055
0.0611857
0.0764947
0.0918505
0.106882
0.121121
0.134011
0.144923
0.15321
0.15834
0.159861
0.156565
0.14781
-0.0903818
-0.0961702
-0.0991642
-0.099796
-0.0988453
-0.0966218
-0.0934317
-0.0895945
-0.0853871
-0.0810346
-0.0767138
-0.0725588
-0.0686672
-0.0651066
-0.0619208
-0.0591352
-0.0567612
-0.0547996
-0.053244
-0.0520823
-0.0512988
-0.0508752
-0.0507914
-0.0510266
-0.0515589
-0.0523661
-0.0534258
-0.0547151
-0.0562109
-0.0578899
-0.0597284
-0.0617019
-0.0637855
-0.0659537
-0.06818
-0.070437
-0.0726964
-0.0749287
-0.0771033
-0.0791883
-0.0811506
-0.0829557
-0.0845679
-0.0859501
-0.0870639
-0.0878695
-0.0883261
-0.0883917
-0.0880232
-0.0871766
-0.0858075
-0.0838705
-0.0813205
-0.078112
-0.0742002
-0.0695411
-0.0640918
-0.0578116
-0.0506619
-0.042608
-0.033619
-0.0236702
-0.0127438
-0.000832235
0.0120594
0.0259081
0.0406665
0.0562535
0.0725418
0.089341
0.106379
0.123279
0.13955
0.154573
0.167623
0.177915
0.184752
0.187493
0.184604
0.17523
-0.0987009
-0.105744
-0.10902
-0.109195
-0.107391
-0.104094
-0.0997389
-0.094743
-0.0894457
-0.0841059
-0.0789154
-0.0740105
-0.0694832
-0.0653915
-0.0617676
-0.0586247
-0.0559628
-0.0537722
-0.0520368
-0.0507365
-0.0498485
-0.0493483
-0.049211
-0.0494111
-0.0499233
-0.0507223
-0.0517831
-0.0530806
-0.05459
-0.0562861
-0.0581439
-0.0601378
-0.0622418
-0.0644293
-0.0666729
-0.0689447
-0.0712153
-0.0734547
-0.0756314
-0.0777131
-0.0796658
-0.0814545
-0.0830426
-0.0843924
-0.0854646
-0.0862186
-0.0866127
-0.0866037
-0.0861476
-0.0851989
-0.0837117
-0.081639
-0.0789335
-0.0755476
-0.0714336
-0.0665442
-0.0608327
-0.0542537
-0.0467633
-0.0383199
-0.028885
-0.0184241
-0.00690819
0.00568409
0.0193638
0.0341274
0.04995
0.0667761
0.0845059
0.102977
0.121938
0.141023
0.159721
0.177361
0.193105
0.205997
0.215128
0.219585
0.217365
0.20726
-0.109298
-0.117874
-0.121285
-0.1206
-0.117471
-0.112645
-0.106726
-0.100246
-0.093609
-0.0870988
-0.0809111
-0.075173
-0.0699606
-0.0653129
-0.0612436
-0.0577482
-0.0548108
-0.0524082
-0.0505126
-0.0490941
-0.0481215
-0.047564
-0.0473909
-0.0475723
-0.048079
-0.0488828
-0.0499559
-0.0512713
-0.0528023
-0.0545224
-0.056405
-0.0584237
-0.0605513
-0.0627605
-0.0650232
-0.0673105
-0.0695927
-0.071839
-0.0740175
-0.076095
-0.0780373
-0.0798085
-0.0813716
-0.0826881
-0.0837181
-0.0844204
-0.0847523
-0.0846697
-0.0841276
-0.0830794
-0.0814775
-0.0792737
-0.0764184
-0.0728618
-0.0685536
-0.063443
-0.0574795
-0.0506127
-0.0427927
-0.0339709
-0.0240997
-0.0131341
-0.00103176
0.0122449
0.0267267
0.0424341
0.0593712
0.077517
0.096811
0.117133
0.138273
0.159896
0.181496
0.20236
0.221533
0.237857
0.250138
0.257089
0.256004
0.245074
-0.123217
-0.133614
-0.136794
-0.134556
-0.129379
-0.122375
-0.114363
-0.105997
-0.0977289
-0.0898508
-0.0825411
-0.0758988
-0.0699684
-0.0647586
-0.0602548
-0.0564285
-0.0532431
-0.0506586
-0.0486332
-0.0471259
-0.0460967
-0.0455072
-0.0453213
-0.0455044
-0.0460237
-0.0468479
-0.047947
-0.0492919
-0.0508543
-0.0526065
-0.0545209
-0.0565698
-0.0587256
-0.0609601
-0.0632447
-0.0655498
-0.0678453
-0.0700999
-0.0722812
-0.0743557
-0.0762885
-0.0780434
-0.079583
-0.0808681
-0.0818585
-0.0825121
-0.0827858
-0.0826346
-0.0820125
-0.080872
-0.0791644
-0.0768396
-0.0738466
-0.0701333
-0.0656467
-0.0603328
-0.0541371
-0.0470042
-0.0388783
-0.0297028
-0.019421
-0.00797572
0.0046899
0.018632
0.0339047
0.0505572
0.0686298
0.0881458
0.109098
0.13143
0.154998
0.179532
0.204572
0.229397
0.252958
0.273866
0.290568
0.301244
0.302146
0.290413
-0.142152
-0.154542
-0.156679
-0.151706
-0.143369
-0.133282
-0.122492
-0.111756
-0.101539
-0.0920996
-0.0835645
-0.0759765
-0.0693277
-0.0635801
-0.0586806
-0.054569
-0.0511835
-0.0484639
-0.0463531
-0.0447977
-0.0437484
-0.0431598
-0.0429898
-0.0431997
-0.0437533
-0.0446167
-0.0457577
-0.0471458
-0.0487514
-0.0505456
-0.0525
-0.0545863
-0.0567763
-0.0590412
-0.061352
-0.0636789
-0.0659913
-0.0682575
-0.0704449
-0.0725197
-0.0744467
-0.0761894
-0.07771
-0.078969
-0.0799258
-0.0805379
-0.0807615
-0.0805512
-0.0798603
-0.0786403
-0.0768415
-0.0744126
-0.0713009
-0.0674525
-0.0628119
-0.057322
-0.0509245
-0.0435592
-0.0351641
-0.0256751
-0.0150256
-0.00314604
0.0100362
0.0245976
0.040618
0.0581802
0.0773671
0.098257
0.120913
0.145362
0.171567
0.199369
0.228416
0.258055
0.287207
0.314274
0.337274
0.353656
0.358128
0.346008
-0.16902
-0.18307
-0.182423
-0.172704
-0.159542
-0.145134
-0.130717
-0.117071
-0.104595
-0.0934434
-0.0836353
-0.0751185
-0.0678044
-0.0615909
-0.0563743
-0.0520557
-0.048544
-0.0457571
-0.0436214
-0.0420714
-0.0410487
-0.0405012
-0.0403821
-0.0406487
-0.0412621
-0.0421865
-0.0433883
-0.0448355
-0.0464979
-0.0483458
-0.0503504
-0.0524829
-0.0547149
-0.0570173
-0.0593608
-0.0617155
-0.0640506
-0.0663343
-0.0685339
-0.0706153
-0.0725433
-0.0742812
-0.075791
-0.0770332
-0.0779667
-0.0785488
-0.0787355
-0.078481
-0.0777379
-0.0764572
-0.0745883
-0.0720789
-0.0688752
-0.0649214
-0.06016
-0.0545311
-0.047973
-0.0404211
-0.0318075
-0.0220609
-0.0111051
0.0011416
0.014768
0.0298712
0.0465587
0.0649495
0.0851746
0.107376
0.131702
0.158292
0.187251
0.218597
0.252179
0.287538
0.323708
0.359013
0.391049
0.416329
0.427381
0.41642
-0.209152
-0.222908
-0.215796
-0.197974
-0.177561
-0.157235
-0.138225
-0.121154
-0.106199
-0.0932963
-0.08228
-0.072951
-0.0651091
-0.0585693
-0.0531675
-0.0487613
-0.0452289
-0.0424661
-0.0403841
-0.0389065
-0.0379673
-0.0375092
-0.0374816
-0.0378394
-0.0385421
-0.0395524
-0.0408361
-0.0423608
-0.0440958
-0.0460112
-0.0480782
-0.050268
-0.052552
-0.0549012
-0.0572865
-0.0596778
-0.0620444
-0.0643547
-0.0665758
-0.0686738
-0.0706135
-0.0723582
-0.0738699
-0.075109
-0.0760344
-0.0766035
-0.0767719
-0.0764937
-0.0757211
-0.074405
-0.0724939
-0.0699351
-0.0666736
-0.0626523
-0.057812
-0.0520909
-0.045424
-0.037743
-0.0289751
-0.0190424
-0.00786021
0.00466454
0.0186356
0.0341701
0.0514025
0.0704883
0.0916087
0.114975
0.140832
0.169453
0.201127
0.23612
0.2746
0.316487
0.361197
0.407288
0.452207
0.491498
0.514901
0.509591
-0.272532
-0.279601
-0.258523
-0.227196
-0.196208
-0.168088
-0.143574
-0.122763
-0.105348
-0.0908818
-0.0789131
-0.0690409
-0.0609251
-0.0542854
-0.0488937
-0.0445654
-0.0411508
-0.0385274
-0.0365946
-0.0352684
-0.0344784
-0.0341643
-0.0342737
-0.034761
-0.0355851
-0.0367088
-0.038098
-0.0397205
-0.041546
-0.043545
-0.045689
-0.0479494
-0.0502981
-0.0527064
-0.0551454
-0.0575853
-0.0599957
-0.0623452
-0.0646011
-0.0667299
-0.0686963
-0.070464
-0.0719951
-0.0732501
-0.0741881
-0.0747665
-0.074941
-0.0746657
-0.0738928
-0.0725727
-0.0706542
-0.0680838
-0.064806
-0.0607629
-0.055894
-0.0501359
-0.0434215
-0.0356796
-0.0268335
-0.0168
-0.00548765
0.00720601
0.0213973
0.0372206
0.054834
0.0744263
0.096226
0.120513
0.147629
0.177995
0.212114
0.250568
0.293973
0.342865
0.397442
0.457129
0.519966
0.581055
0.627422
0.638973
-0.378056
-0.360773
-0.311613
-0.258847
-0.213095
-0.175286
-0.144735
-0.120344
-0.100923
-0.0854255
-0.0730173
-0.0630535
-0.0550429
-0.0486135
-0.0434827
-0.0394334
-0.0362974
-0.0339423
-0.0322623
-0.0311714
-0.0305986
-0.0304841
-0.0307767
-0.0314317
-0.0324095
-0.0336741
-0.0351926
-0.0369339
-0.0388687
-0.0409683
-0.043205
-0.0455512
-0.0479791
-0.0504608
-0.0529679
-0.0554712
-0.0579406
-0.0603452
-0.0626527
-0.0648299
-0.066842
-0.0686528
-0.070225
-0.0715192
-0.0724948
-0.0731094
-0.073319
-0.0730779
-0.0723384
-0.071051
-0.0691645
-0.0666253
-0.0633776
-0.0593633
-0.0545211
-0.0487868
-0.042092
-0.0343636
-0.0255225
-0.0154821
-0.00414616
0.00859401
0.0228636
0.0388094
0.0566071
0.0764709
0.0986671
0.123532
0.151497
0.183121
0.219127
0.260454
0.308282
0.364024
0.429206
0.505125
0.59184
0.685549
0.773142
0.826974
-0.568952
-0.475196
-0.371423
-0.287419
-0.223058
-0.174696
-0.138778
-0.111987
-0.091744
-0.0762361
-0.0642107
-0.0547957
-0.0473812
-0.041536
-0.0369504
-0.0333975
-0.0307075
-0.0287505
-0.0274251
-0.02665
-0.026359
-0.0264965
-0.0270154
-0.0278742
-0.0290363
-0.0304683
-0.0321394
-0.0340205
-0.0360837
-0.038302
-0.0406487
-0.0430974
-0.0456213
-0.0481934
-0.0507858
-0.0533702
-0.0559172
-0.0583963
-0.0607759
-0.0630232
-0.0651039
-0.0669824
-0.0686216
-0.0699827
-0.0710254
-0.0717078
-0.0719862
-0.0718151
-0.0711473
-0.0699337
-0.068123
-0.065662
-0.0624951
-0.0585642
-0.053808
-0.0481621
-0.0415577
-0.0339213
-0.0251729
-0.0152246
-0.00397839
0.00867717
0.022871
0.0387556
0.056515
0.0763763
0.0986263
0.123635
0.15189
0.184049
0.221013
0.264041
0.314899
0.376065
0.450977
0.544159
0.660004
0.799864
0.962581
1.12307
-0.962584
-0.625286
-0.409738
-0.287812
-0.208392
-0.154531
-0.118061
-0.0927569
-0.0745616
-0.0610877
-0.0508896
-0.043048
-0.0369634
-0.0322355
-0.0285889
-0.0258286
-0.0238113
-0.0224294
-0.0215991
-0.0212535
-0.0213379
-0.0218059
-0.0226179
-0.0237385
-0.025136
-0.0267813
-0.0286468
-0.0307064
-0.0329345
-0.0353063
-0.0377969
-0.0403813
-0.0430342
-0.0457295
-0.0484408
-0.0511404
-0.0537999
-0.0563896
-0.0588788
-0.0612351
-0.0634251
-0.0654136
-0.0671642
-0.0686387
-0.0697974
-0.0705987
-0.0709996
-0.070955
-0.0704183
-0.0693408
-0.0676719
-0.0653589
-0.0623467
-0.0585777
-0.0539914
-0.0485242
-0.042108
-0.0346703
-0.0261322
-0.0164075
-0.00539977
0.00700003
0.0209179
0.0365025
0.0539329
0.0734304
0.0952743
0.119827
0.147572
0.17917
0.215557
0.2581
0.308867
0.371097
0.450075
0.554425
0.696374
0.894492
1.20123
1.64961
-1.6724
-0.773145
-0.370109
-0.222194
-0.147568
-0.103018
-0.0760668
-0.0588945
-0.0470696
-0.0384463
-0.0319372
-0.0269271
-0.0230453
-0.0200573
-0.0178067
-0.0161831
-0.0151047
-0.0145083
-0.0143433
-0.0145676
-0.0151453
-0.0160448
-0.0172376
-0.0186975
-0.0204
-0.0223217
-0.02444
-0.0267325
-0.0291773
-0.0317521
-0.0344345
-0.0372015
-0.0400297
-0.0428947
-0.0457714
-0.0486334
-0.0514534
-0.0542029
-0.056852
-0.0593694
-0.0617224
-0.0638768
-0.0657967
-0.0674447
-0.0687818
-0.0697672
-0.0703584
-0.0705112
-0.0701795
-0.0693154
-0.0678691
-0.0657887
-0.0630202
-0.059507
-0.05519
-0.0500071
-0.0438924
-0.0367757
-0.0285816
-0.0192278
-0.00862368
0.00333259
0.016757
0.0317847
0.048576
0.0673258
0.0882764
0.111737
0.138113
0.167952
0.202025
0.24146
0.288011
0.34461
0.416662
0.514921
0.660942
0.907563
1.42937
2.45107
)
;

boundaryField
{
    movingWall
    {
        type            zeroGradient;
    }
    fixedWalls
    {
        type            zeroGradient;
    }
    frontAndBack
    {
        type            empty;
    }
}


// ************************************************************************* //
