/*--------------------------------*- C++ -*----------------------------------*\
| =========                 |                                                 |
| \\      /  F ield         | OpenFOAM: The Open Source CFD Toolbox           |
|  \\    /   O peration     | Version:  2506                                  |
|   \\  /    A nd           | Website:  www.openfoam.com                      |
|    \\/     M anipulation  |                                                 |
\*---------------------------------------------------------------------------*/
FoamFile
{
    version     2.0;
    format      ascii;
    arch        "LSB;label=32;scalar=64";
    class       volScalarField;
    location    "1.775";
    object      p;
}
// * * * * * * * * * * * * * * * * * * * * * * * * * * * * * * * * * * * * * //

dimensions      [0 2 -2 0 0 0 0];

internalField   nonuniform List<scalar> 
6400
(
1.93794e-06
-2.94743e-07
-6.39704e-05
-0.000185909
-0.000350948
-0.000545734
-0.000758676
-0.000979938
-0.00120148
-0.0014169
-0.00162114
-0.00181028
-0.00198134
-0.00213205
-0.00226073
-0.00236616
-0.00244746
-0.00250402
-0.00253543
-0.0025414
-0.00252177
-0.0024764
-0.00240525
-0.0023083
-0.00218559
-0.00203719
-0.00186325
-0.00166399
-0.00143971
-0.00119087
-0.000918034
-0.00062192
-0.000303441
3.62896e-05
0.000395937
0.000773935
0.00116847
0.00157748
0.00199864
0.0024294
0.00286694
0.00330824
0.00375005
0.00418896
0.00462141
0.00504375
0.00545225
0.0058432
0.00621293
0.00655785
0.00687457
0.00715992
0.00741102
0.00762532
0.00780069
0.00793547
0.00802848
0.0080791
0.00808727
0.00805355
0.00797909
0.00786567
0.00771569
0.00753216
0.00731867
0.00707939
0.00681902
0.00654276
0.0062563
0.00596578
0.00567776
0.00539919
0.00513739
0.00489999
0.00469479
0.0045295
0.00441102
0.00434454
0.00433212
0.00436046
6.65981e-06
3.32617e-06
-5.30804e-05
-0.000156466
-0.000294722
-0.000458307
-0.00063839
-0.000827062
-0.00101751
-0.00120407
-0.00138211
-0.00154792
-0.00169856
-0.00183176
-0.00194573
-0.00203914
-0.00211098
-0.00216052
-0.0021872
-0.00219062
-0.00217051
-0.00212668
-0.00205901
-0.00196744
-0.00185197
-0.00171265
-0.00154962
-0.00136308
-0.00115335
-0.000920862
-0.00066617
-0.000389985
-9.31859e-05
0.000223162
0.000557791
0.000909215
0.00127573
0.00165539
0.00204605
0.0024453
0.00285055
0.00325899
0.00366764
0.00407334
0.00447285
0.0048628
0.00523979
0.00560043
0.00594138
0.0062594
0.0065514
0.00681453
0.00704621
0.00724415
0.00740648
0.00753173
0.0076189
0.00766749
0.00767753
0.00764959
0.00758482
0.00748492
0.00735216
0.00718936
0.00699985
0.0067875
0.00655664
0.00631204
0.00605888
0.00580272
0.00554943
0.00530515
0.00507621
0.00486905
0.00469005
0.0045452
0.00443941
0.00437621
0.00436019
0.00438872
7.09676e-05
5.96181e-05
2.75509e-06
-9.28217e-05
-0.000217128
-0.000362617
-0.000522287
-0.000689615
-0.000858841
-0.00102504
-0.00118407
-0.00133257
-0.00146778
-0.00158751
-0.00169003
-0.00177398
-0.00183834
-0.00188231
-0.00190527
-0.00190679
-0.00188651
-0.00184419
-0.00177967
-0.00169285
-0.00158371
-0.00145227
-0.00129863
-0.001123
-0.000925644
-0.000706984
-0.000467545
-0.000208
7.0817e-05
0.000367894
0.00068203
0.00101183
0.00135567
0.00171175
0.00207802
0.00245225
0.00283199
0.00321461
0.00359732
0.00397719
0.00435117
0.00471614
0.00506892
0.00540636
0.00572535
0.00602288
0.00629611
0.00654238
0.00675932
0.00694484
0.00709723
0.00721514
0.00729771
0.00734451
0.00735561
0.00733162
0.00727363
0.0071833
0.00706278
0.00691474
0.00674233
0.00654917
0.00633929
0.00611713
0.00588745
0.00565535
0.00542615
0.00520534
0.00499855
0.00481136
0.00464924
0.00451726
0.00441949
0.00435923
0.00434377
0.00437681
0.000194137
0.000163396
9.72791e-05
7.31064e-07
-0.000119169
-0.000256171
-0.000404469
-0.000558662
-0.000713905
-0.000865998
-0.00101137
-0.00114702
-0.00127049
-0.00137979
-0.0014733
-0.00154974
-0.00160813
-0.00164768
-0.00166777
-0.00166794
-0.00164783
-0.00160716
-0.00154574
-0.00146343
-0.00136018
-0.00123598
-0.00109091
-0.000925122
-0.000738873
-0.000532528
-0.000306571
-6.16209e-05
0.000201546
0.000481985
0.00077857
0.00108998
0.00141471
0.00175104
0.00209705
0.00245063
0.00280947
0.0031711
0.00353287
0.00389201
0.00424563
0.00459078
0.00492446
0.00524368
0.0055455
0.00582708
0.00608572
0.00631893
0.00652445
0.00670033
0.00684496
0.00695708
0.0070359
0.00708104
0.00709259
0.00707115
0.0070178
0.00693412
0.00682219
0.00668454
0.00652418
0.00634453
0.00614937
0.00594287
0.00572946
0.00551385
0.00530092
0.00509568
0.00490318
0.00472842
0.00457628
0.00445131
0.00435727
0.00429756
0.00428057
0.00431206
0.000362601
0.000303296
0.00022107
0.000117673
-3.61355e-06
-0.000137705
-0.000279782
-0.000425482
-0.000570846
-0.000712387
-0.000847102
-0.00097244
-0.00108627
-0.00118684
-0.00127274
-0.00134281
-0.00139615
-0.00143202
-0.00144984
-0.00144914
-0.00142957
-0.00139084
-0.00133274
-0.00125509
-0.00115782
-0.00104088
-0.000904304
-0.000748208
-0.000572803
-0.0003784
-0.000165427
6.5561e-05
0.000313859
0.000578598
0.000858733
0.00115304
0.0014601
0.00177831
0.00210587
0.00244077
0.00278084
0.00312373
0.00346692
0.00380779
0.00414359
0.00447148
0.00478862
0.00509215
0.00537925
0.00564721
0.00589344
0.00611556
0.00631141
0.00647911
0.00661713
0.00672428
0.00679979
0.00684331
0.00685495
0.00683529
0.00678538
0.00670674
0.00660135
0.00647166
0.00632052
0.00615117
0.0059672
0.00577253
0.00557129
0.00536786
0.00516674
0.0049725
0.00478974
0.00462297
0.00447657
0.00435468
0.0042608
0.00419833
0.00417512
0.00419678
0.000563938
0.000470326
0.000366989
0.000252077
0.000124697
-1.10727e-05
-0.000151264
-0.000292471
-0.000431577
-0.000565785
-0.000692651
-0.000810082
-0.000916322
-0.00100991
-0.00108964
-0.00115455
-0.00120384
-0.00123686
-0.00125309
-0.00125208
-0.00123351
-0.00119707
-0.00114255
-0.00106976
-0.000978564
-0.000868896
-0.000740743
-0.00059417
-0.000429331
-0.000246474
-4.5957e-05
0.000171736
0.000405979
0.000655985
0.000920803
0.0011993
0.00149017
0.00179189
0.00210279
0.00242096
0.00274435
0.00307072
0.00339768
0.0037227
0.00404314
0.00435629
0.0046594
0.00494971
0.00522449
0.00548112
0.00571708
0.00593007
0.00611797
0.00627897
0.00641157
0.00651461
0.00658732
0.00662938
0.00664088
0.00662236
0.00657485
0.0064998
0.00639913
0.00627518
0.00613066
0.00596869
0.00579267
0.00560628
0.00541345
0.00521823
0.00502481
0.0048374
0.00466021
0.00449733
0.00435273
0.00423016
0.00413291
0.0040642
0.00403037
0.00403563
0.000787185
0.000655988
0.000528118
0.000398104
0.000260857
0.000119618
-2.23701e-05
-0.000162575
-0.000298647
-0.000428444
-0.000550073
-0.000661901
-0.000762557
-0.000850898
-0.000925967
-0.000986982
-0.0010333
-0.00106437
-0.00107976
-0.00107908
-0.00106201
-0.00102829
-0.000977661
-0.000909931
-0.000824937
-0.000722566
-0.000602759
-0.000465525
-0.000310951
-0.000139213
4.94069e-05
0.000254506
0.000475545
0.000711829
0.0009625
0.00122653
0.00150269
0.0017896
0.00208565
0.00238907
0.0026979
0.00300999
0.00332305
0.00363463
0.00394221
0.00424313
0.00453472
0.00481428
0.00507915
0.00532676
0.00555462
0.00576046
0.0059422
0.00609804
0.00622647
0.00632634
0.00639689
0.00643775
0.006449
0.00643116
0.00638517
0.00631246
0.00621486
0.00609462
0.00595437
0.00579706
0.00562597
0.00544458
0.00525662
0.00506591
0.00487636
0.00469188
0.00451635
0.00435352
0.00420702
0.00408025
0.00397627
0.00389811
0.00385002
0.00383428
0.00102268
0.000852264
0.00069766
0.000549975
0.000400048
0.00025041
0.000103691
-3.83576e-05
-0.000174093
-0.000301969
-0.000420634
-0.000528916
-0.000625826
-0.000710541
-0.000782367
-0.000840732
-0.00088515
-0.000915211
-0.000930557
-0.000930882
-0.0009159
-0.000885349
-0.000838986
-0.000776595
-0.000697982
-0.000602991
-0.000491511
-0.000363488
-0.000218937
-5.79557e-05
0.000119258
0.00031239
0.000520995
0.000744477
0.000982073
0.00123285
0.00149571
0.00176933
0.00205223
0.00234273
0.00263895
0.00293884
0.00324018
0.00354061
0.00383763
0.00412868
0.00441112
0.00468228
0.00493954
0.00518033
0.00540218
0.00560282
0.00578015
0.00593236
0.00605792
0.00615565
0.00622475
0.00626482
0.00627589
0.00625843
0.00621334
0.00614197
0.0060461
0.00592787
0.00578984
0.00563485
0.00546605
0.00528678
0.00510058
0.00491109
0.00472199
0.00453697
0.00435962
0.00419343
0.00404172
0.00390756
0.00379387
0.00370343
0.00363822
0.00359838
0.00126205
0.00105181
0.000869207
0.000702112
0.000537474
0.000377229
0.000223495
7.73329e-05
-6.02645e-05
-0.000188321
-0.000305984
-0.000412529
-0.000507348
-0.000589935
-0.000659861
-0.000716772
-0.000760359
-0.000790347
-0.000806483
-0.000808529
-0.000796246
-0.000769388
-0.000727716
-0.000670996
-0.000599005
-0.00051154
-0.000408432
-0.000289558
-0.000154857
-4.34141e-06
0.000161883
0.000343596
0.000540451
0.000751953
0.000977446
0.0012161
0.0014669
0.00172866
0.00199997
0.00227924
0.00256468
0.0028543
0.00314597
0.00343735
0.00372602
0.00400943
0.00428496
0.00454997
0.00480181
0.00503792
0.0052558
0.00545315
0.00562783
0.00577798
0.00590202
0.00599872
0.00606722
0.00610706
0.00611821
0.00610106
0.00605647
0.00598572
0.00589051
0.00577292
0.0056354
0.00548073
0.00531194
0.00513226
0.0049451
0.00475393
0.00456228
0.00437363
0.00419137
0.00401877
0.00385888
0.00371455
0.00358854
0.00348346
0.00339893
0.003333
0.00149799
0.00124802
0.00103681
0.000849204
0.000668429
0.000495954
0.000333465
0.000181396
4.01489e-05
-8.98352e-05
-0.000208178
-0.000314575
-0.000408787
-0.000490619
-0.000559906
-0.000616514
-0.000660315
-0.000691174
-0.000708944
-0.000713462
-0.000704534
-0.000681939
-0.000645437
-0.000594779
-0.000529709
-0.000449977
-0.000355349
-0.000245629
-0.000120673
1.95966e-05
0.000175171
0.000345931
0.000531634
0.00073189
0.000946152
0.0011737
0.00141361
0.00166481
0.00192597
0.00219558
0.00247194
0.00275311
0.00303702
0.00332137
0.00360377
0.00388167
0.00415246
0.00441348
0.00466207
0.0048956
0.00511155
0.00530753
0.00548136
0.00563108
0.00575506
0.00585196
0.00592086
0.0059612
0.00597287
0.00595621
0.00591197
0.00584137
0.00574603
0.00562799
0.0054896
0.00533357
0.00516284
0.00498057
0.00479005
0.00459465
0.00439777
0.00420273
0.0040128
0.00383106
0.00366038
0.00350339
0.00336281
0.00324111
0.00313562
0.00304237
0.00172409
0.00143489
0.00119493
0.000986182
0.000788342
0.000602488
0.000429954
0.000270592
0.000124259
-9.09668e-06
-0.000129543
-0.000237174
-0.000332099
-0.000414426
-0.00048425
-0.000541654
-0.000586687
-0.000619355
-0.000639617
-0.000647382
-0.000642503
-0.000624783
-0.000593983
-0.000549835
-0.000492048
-0.000420319
-0.000334347
-0.000233857
-0.000118618
1.15457e-05
0.000156725
0.00031691
0.000491966
0.000681614
0.000885417
0.00110276
0.00133284
0.00157466
0.00182699
0.00208841
0.00235727
0.00263171
0.00290967
0.0031889
0.00346702
0.00374147
0.00400962
0.00426878
0.00451624
0.0047493
0.00496536
0.00516195
0.00533679
0.00548782
0.00561329
0.00571178
0.00578223
0.005824
0.00583687
0.00582107
0.00577729
0.00570665
0.0056107
0.00549139
0.00535105
0.00519228
0.00501798
0.00483125
0.00463529
0.00443341
0.00422892
0.00402506
0.00382498
0.00363166
0.00344784
0.00327602
0.0031189
0.00297893
0.00285122
0.00272989
0.00193462
0.00160694
0.00133839
0.00110823
0.000892792
0.000692803
0.000509293
0.000341588
0.000189037
5.11313e-05
-7.26135e-05
-0.000182668
-0.000279475
-0.000363433
-0.000434887
-0.000494131
-0.000541385
-0.000576789
-0.000600405
-0.000612213
-0.00061211
-0.000599921
-0.000575407
-0.000538278
-0.0004882
-0.000424814
-0.000347748
-0.000256642
-0.000151172
-3.10627e-05
0.000103885
0.000253774
0.000418586
0.000598157
0.000792164
0.00100011
0.00122128
0.0014548
0.00169951
0.00195408
0.00221692
0.00248622
0.00275994
0.00303588
0.00331162
0.00358462
0.00385219
0.00411159
0.00436003
0.00459473
0.004813
0.00501224
0.00519004
0.00534423
0.00547291
0.00557453
0.00564789
0.00569222
0.00570718
0.0056929
0.00564994
0.00557933
0.00548256
0.00536149
0.00521838
0.00505581
0.0048766
0.00468382
0.00448064
0.00427032
0.00405612
0.00384126
0.00362882
0.00342174
0.00322268
0.00303407
0.00285869
0.00269902
0.00254809
0.00239816
0.00212435
0.00175909
0.00146237
0.00121081
0.00097752
0.000762942
0.000567821
0.000391
0.000231355
8.79512e-05
-4.00881e-05
-0.000153589
-0.000253311
-0.00033993
-0.000414031
-0.000476104
-0.000526535
-0.000565591
-0.000593428
-0.000610095
-0.000615529
-0.000609572
-0.000591981
-0.000562437
-0.000520563
-0.000465934
-0.000398103
-0.000316623
-0.000221068
-0.000111057
1.3722e-05
0.000153489
0.000308348
0.000478257
0.000663013
0.000862227
0.00107531
0.00130147
0.00153966
0.0017886
0.00204678
0.00231243
0.00258355
0.00285792
0.00313314
0.00340662
0.00367564
0.00393736
0.00418892
0.00442742
0.00465003
0.00485404
0.00503688
0.00519621
0.00532998
0.00543645
0.00551429
0.00556256
0.00558076
0.00556889
0.0055274
0.0054572
0.00535967
0.00523663
0.00509026
0.00492309
0.00473793
0.0045378
0.00432587
0.00410541
0.00387967
0.00365186
0.00342508
0.00320226
0.00298607
0.00277892
0.00258372
0.00240309
0.00222804
0.0020491
0.00228847
0.00188665
0.00156232
0.00128957
0.00103842
0.000809028
0.000601898
0.000415415
0.000248016
9.83605e-05
-3.47986e-05
-0.000152624
-0.000256176
-0.000346393
-0.000424084
-0.000489929
-0.000544463
-0.000588073
-0.000621004
-0.000643365
-0.00065513
-0.000656152
-0.000646176
-0.00062485
-0.000591744
-0.000546366
-0.000488187
-0.000416666
-0.000331274
-0.000231513
-0.000116953
1.27492e-05
0.000157825
0.000318362
0.00049428
0.000685314
0.000890991
0.00111061
0.00134323
0.00158765
0.00184241
0.00210579
0.00237583
0.0026503
0.00292679
0.00320265
0.0034751
0.00374124
0.00399806
0.00424257
0.00447177
0.00468278
0.00487285
0.00503947
0.00518039
0.00529367
0.00537779
0.00543161
0.00545448
0.00544621
0.00540711
0.00533798
0.00524009
0.00511515
0.00496531
0.00479305
0.00460116
0.00439266
0.00417074
0.00393867
0.00369977
0.00345729
0.00321438
0.00297404
0.00273897
0.00251165
0.0022952
0.00209241
0.00189241
0.00168403
0.00242248
0.0019852
0.00163394
0.00134037
0.00107151
0.000827274
0.000607929
0.000411428
0.000235789
7.92892e-05
-5.96725e-05
-0.000182579
-0.000290773
-0.000385443
-0.000467609
-0.000538122
-0.000597659
-0.000646718
-0.000685623
-0.000714538
-0.000733465
-0.000742259
-0.000740647
-0.000728237
-0.000704543
-0.000668997
-0.000620982
-0.000559857
-0.000484984
-0.000395743
-0.000291576
-0.00017201
-3.66813e-05
0.000114634
0.000281989
0.000465245
0.000664049
0.000877811
0.00110568
0.00134655
0.00159902
0.00186142
0.00213179
0.00240794
0.0026874
0.0029675
0.00324538
0.00351802
0.00378231
0.00403509
0.0042732
0.00449357
0.00469324
0.00486948
0.00501982
0.00514209
0.00523453
0.00529581
0.00532505
0.00532187
0.00528641
0.00521933
0.00512176
0.00499534
0.00484213
0.00466458
0.00446547
0.00424784
0.0040149
0.00377002
0.00351655
0.00325786
0.0029972
0.00273769
0.00248213
0.00223311
0.00199403
0.00176795
0.00154212
0.00130375
0.00252216
0.00205056
0.00167316
0.00135925
0.00107297
0.000814005
0.000582388
0.000375663
0.00019144
2.76328e-05
-0.000117698
-0.000246341
-0.000359908
-0.000459817
-0.000547286
-0.000623329
-0.000688752
-0.000744151
-0.000789924
-0.000826279
-0.000853238
-0.00087065
-0.000878215
-0.000875494
-0.000861939
-0.000836901
-0.000799666
-0.000749488
-0.000685609
-0.000607286
-0.000513825
-0.000404611
-0.00027914
-0.000137047
2.1863e-05
0.000197587
0.000389899
0.000598326
0.000822125
0.00106027
0.00131143
0.001574
0.00184604
0.00212535
0.00240945
0.0026956
0.00298087
0.00326213
0.00353612
0.00379952
0.00404897
0.00428119
0.004493
0.00468139
0.00484365
0.00497735
0.00508046
0.00515139
0.00518902
0.00519275
0.00516251
0.00509879
0.00500258
0.0048754
0.00471923
0.0045365
0.00432996
0.0041027
0.003858
0.00359929
0.00333006
0.0030538
0.00277393
0.0024937
0.00221612
0.00194394
0.00168088
0.00143033
0.00117772
0.000908639
0.00258349
0.00207877
0.00167608
0.00134241
0.00103911
0.000765646
0.000521824
0.000304784
0.000111746
-5.97282e-05
-0.000211903
-0.000346856
-0.000466454
-0.000572334
-0.000665896
-0.000748304
-0.000820483
-0.000883119
-0.000936672
-0.000981384
-0.00101729
-0.00104422
-0.00106184
-0.00106967
-0.00106707
-0.00105332
-0.00102759
-0.000989035
-0.000936762
-0.000869896
-0.0007876
-0.000689112
-0.000573774
-0.000441071
-0.000290659
-0.000122396
6.36322e-05
0.000267078
0.000487312
0.000723402
0.000974108
0.00123786
0.00151277
0.00179664
0.00208696
0.00238094
0.00267555
0.00296754
0.00325352
0.00352996
0.00379331
0.00404003
0.00426668
0.00446999
0.00464692
0.00479476
0.00491118
0.00499429
0.00504268
0.00505549
0.00503242
0.00497373
0.00488026
0.0047534
0.00459503
0.00440753
0.00419368
0.00395658
0.0036996
0.00342628
0.00314028
0.00284525
0.00254481
0.00224246
0.00194139
0.00164459
0.00135618
0.00107994
0.000799464
0.000498726
0.00260263
0.00206605
0.00163898
0.0012862
0.000966378
0.000678735
0.000422867
0.000195513
-6.48364e-06
-0.000185905
-0.000345323
-0.000487096
-0.000613331
-0.000725869
-0.000826282
-0.000915873
-0.000995677
-0.00106646
-0.00112873
-0.00118275
-0.00122856
-0.00126598
-0.00129462
-0.00131393
-0.00132321
-0.00132163
-0.00130827
-0.00128214
-0.00124223
-0.00118751
-0.00111701
-0.00102979
-0.000925041
-0.000802081
-0.000660409
-0.000499724
-0.000319965
-0.000121338
9.56545e-05
0.000330189
0.000581114
0.00084693
0.00112579
0.00141549
0.00171352
0.00201704
0.00232291
0.00262778
0.00292807
0.00322006
0.00349998
0.00376401
0.00400842
0.00422962
0.00442426
0.00458927
0.00472197
0.00482014
0.00488203
0.00490648
0.00489291
0.00484133
0.00475237
0.00462727
0.00446782
0.00427633
0.00405557
0.0038087
0.00353919
0.00325072
0.00294712
0.00263228
0.00231006
0.00198422
0.00165824
0.00133538
0.00102022
0.000716958
0.000407377
7.37786e-05
0.0025759
0.00200877
0.0015583
0.00118714
0.00085135
0.000549926
0.000282241
4.46466e-05
-0.000166386
-0.00035397
-0.000520977
-0.000670029
-0.000803465
-0.000923319
-0.00103132
-0.00112891
-0.00121722
-0.00129707
-0.00136902
-0.00143336
-0.0014901
-0.00153903
-0.00157972
-0.00161155
-0.00163373
-0.00164534
-0.00164533
-0.00163259
-0.00160595
-0.00156425
-0.00150634
-0.00143112
-0.00133761
-0.00122495
-0.00109247
-0.000939696
-0.000766401
-0.000572639
-0.00035877
-0.000125493
0.000126145
0.000394724
0.000678449
0.000975149
0.00128229
0.00159697
0.001916
0.00223586
0.00255283
0.00286296
0.00316223
0.00344654
0.00371184
0.00395418
0.00416984
0.00435536
0.00450768
0.00462416
0.0047027
0.00474177
0.00474045
0.00469848
0.00461624
0.00449478
0.00433576
0.00414141
0.0039145
0.00365824
0.00337621
0.00307226
0.00275045
0.00241491
0.0020698
0.00171919
0.0013669
0.00101651
0.000673125
0.000341422
1.30502e-06
-0.000366633
0.0024998
0.00190349
0.00143066
0.00104188
0.000690749
0.000375998
9.678e-05
-0.000150929
-0.000371023
-0.000566938
-0.000741835
-0.000898592
-0.00103977
-0.00116758
-0.00128391
-0.00139031
-0.00148801
-0.00157788
-0.00166052
-0.00173621
-0.00180496
-0.00186651
-0.00192038
-0.00196588
-0.00200211
-0.00202804
-0.00204251
-0.00204426
-0.00203199
-0.00200435
-0.00196002
-0.00189775
-0.00181634
-0.00171477
-0.00159216
-0.00144785
-0.00128145
-0.00109283
-0.000882201
-0.000650105
-0.000397473
-0.000125624
0.000163714
0.000468409
0.000785923
0.00111333
0.00144733
0.0017843
0.00212032
0.00245125
0.00277278
0.00308051
0.00337002
0.003637
0.00387729
0.00408701
0.00426265
0.00440113
0.0044999
0.00455702
0.00457119
0.0045418
0.00446895
0.00435344
0.00419678
0.00400112
0.00376919
0.00350426
0.00321003
0.00289055
0.0025501
0.00219313
0.00182412
0.00144754
0.00106755
0.000688144
0.000314972
-4.67342e-05
-0.000419019
-0.000823077
0.00237096
0.00174693
0.00125282
0.000847257
0.000481438
0.000153857
-0.000136563
-0.000394221
-0.000623364
-0.000827743
-0.0010108
-0.00117567
-0.0013251
-0.0014615
-0.0015869
-0.00170295
-0.00181094
-0.00191182
-0.00200619
-0.00209434
-0.00217624
-0.00225161
-0.00231989
-0.00238029
-0.00243184
-0.00247338
-0.00250361
-0.00252114
-0.00252449
-0.00251215
-0.00248262
-0.00243444
-0.00236624
-0.00227676
-0.00216495
-0.00202994
-0.00187112
-0.00168819
-0.00148116
-0.00125041
-0.000996743
-0.000721344
-0.000425853
-0.000112347
0.000216656
0.000558202
0.000908922
0.00126506
0.00162253
0.00197697
0.00232377
0.00265819
0.00297546
0.00327083
0.00353968
0.00377766
0.00398073
0.00414532
0.00426838
0.00434748
0.00438087
0.00436754
0.00430725
0.00420052
0.00404865
0.00385365
0.00361825
0.00334574
0.00303995
0.00270514
0.00234586
0.0019669
0.00157312
0.00116941
0.000760351
0.000350385
-5.42162e-05
-0.000447622
-0.000853923
-0.0012962
0.00218619
0.00153594
0.0010217
0.000600224
0.000220427
-0.000119445
-0.000420702
-0.000688108
-0.000926259
-0.00113921
-0.00133069
-0.00150405
-0.00166227
-0.0018079
-0.00194311
-0.00206964
-0.00218887
-0.00230178
-0.00240897
-0.00251074
-0.00260702
-0.00269748
-0.00278148
-0.00285816
-0.00292643
-0.002985
-0.00303244
-0.0030672
-0.00308763
-0.00309204
-0.00307873
-0.00304604
-0.00299238
-0.00291629
-0.00281648
-0.00269186
-0.00254159
-0.00236516
-0.00216239
-0.00193345
-0.00167897
-0.0014
-0.00109805
-0.00077513
-0.000433713
-7.67594e-05
0.000292304
0.00066961
0.0010509
0.00143156
0.00180671
0.00217128
0.00252004
0.00284781
0.00314947
0.00342011
0.00365515
0.00385043
0.00400233
0.00410787
0.00416477
0.00417156
0.00412756
0.00403297
0.00388883
0.003697
0.00346012
0.00318153
0.00286519
0.00251557
0.00213752
0.0017362
0.0013169
0.000884962
0.000445481
3.37034e-06
-0.000434403
-0.000861355
-0.00130375
-0.00178665
0.00194245
0.00126757
0.000734411
0.000297928
-9.5103e-05
-0.000446695
-0.000758394
-0.00103533
-0.00128243
-0.00150406
-0.0017042
-0.00188645
-0.00205396
-0.00220947
-0.00235525
-0.00249314
-0.00262457
-0.00275056
-0.00287173
-0.00298834
-0.0031003
-0.00320722
-0.00330838
-0.00340281
-0.00348933
-0.00356651
-0.00363277
-0.0036864
-0.00372556
-0.00374838
-0.00375296
-0.00373741
-0.00369991
-0.00363876
-0.00355243
-0.00343959
-0.00329916
-0.00313038
-0.00293281
-0.00270645
-0.00245169
-0.00216941
-0.00186099
-0.0015283
-0.00117377
-0.000800338
-0.000411463
-1.11101e-05
0.000396295
0.000805916
0.00121257
0.00161081
0.00199499
0.00235943
0.00269845
0.00300655
0.00327852
0.00350955
0.00369538
0.00383239
0.00391769
0.00394924
0.00392589
0.00384742
0.00371455
0.00352892
0.00329308
0.00301038
0.00268489
0.00232132
0.00192484
0.00150099
0.00105557
0.000594419
0.000123171
-0.000352711
-0.000825501
-0.001288
-0.00176878
-0.00229505
0.00163688
0.000939039
0.000388226
-6.23032e-05
-0.000467791
-0.000830504
-0.00115223
-0.00143845
-0.00169443
-0.00192483
-0.00213388
-0.00232541
-0.00250276
-0.0026688
-0.00282593
-0.00297607
-0.00312071
-0.00326088
-0.00339722
-0.00352997
-0.00365899
-0.00378381
-0.00390366
-0.00401747
-0.0041239
-0.00422142
-0.00430829
-0.00438261
-0.00444238
-0.0044855
-0.00450986
-0.00451335
-0.00449389
-0.00444955
-0.0043785
-0.00427916
-0.00415017
-0.0039905
-0.00379945
-0.00357676
-0.00332259
-0.00303761
-0.002723
-0.0023805
-0.00201243
-0.00162169
-0.00121173
-0.000786606
-0.000350885
9.0375e-05
0.00053169
0.00096723
0.00139091
0.00179649
0.00217773
0.00252845
0.00284276
0.00311512
0.00334053
0.00351463
0.00363385
0.00369548
0.0036978
0.00364009
0.00352266
0.00334691
0.0031152
0.00283087
0.00249811
0.00212184
0.00170758
0.00126131
0.000789325
0.000298064
-0.00020626
-0.000717575
-0.00122732
-0.00172752
-0.00224923
-0.00282194
0.00126683
0.000547778
-1.93751e-05
-0.000482951
-0.000900084
-0.0012733
-0.00160462
-0.00189988
-0.00216467
-0.00240393
-0.00262214
-0.00282334
-0.00301106
-0.00318831
-0.00335759
-0.0035209
-0.00367978
-0.00383529
-0.00398806
-0.0041383
-0.00428582
-0.00443011
-0.00457029
-0.00470518
-0.00483335
-0.00495309
-0.00506251
-0.00515955
-0.00524199
-0.00530754
-0.00535384
-0.00537854
-0.0053793
-0.00535391
-0.00530026
-0.00521647
-0.00510089
-0.00495216
-0.00476931
-0.00455178
-0.00429944
-0.00401272
-0.00369258
-0.00334056
-0.00295885
-0.00255024
-0.00211819
-0.00166678
-0.0012007
-0.00072522
-0.000246116
0.000230396
0.000697756
0.00114917
0.00157775
0.00197663
0.00233911
0.00265888
0.00293009
0.00314755
0.00330689
0.00340464
0.00343837
0.00340678
0.0033097
0.00314816
0.00292431
0.00264144
0.0023038
0.00191653
0.00148551
0.0010172
0.000518437
-3.70981e-06
-0.000542369
-0.0010908
-0.00163954
-0.00217974
-0.00274514
-0.00336768
0.000829853
9.14182e-05
-0.000490698
-0.000966284
-0.00139422
-0.0017773
-0.00211777
-0.00242182
-0.00269534
-0.00294355
-0.00317118
-0.00338246
-0.0035811
-0.00377024
-0.00395249
-0.00412992
-0.00430411
-0.00447615
-0.00464664
-0.00481579
-0.00498336
-0.00514874
-0.00531099
-0.00546881
-0.00562064
-0.00576464
-0.00589874
-0.0060207
-0.0061281
-0.00621842
-0.00628907
-0.00633742
-0.00636087
-0.0063569
-0.00632311
-0.00625728
-0.00615742
-0.00602186
-0.00584928
-0.00563878
-0.00538994
-0.00510286
-0.00477823
-0.00441738
-0.00402228
-0.00359562
-0.00314077
-0.00266182
-0.00216356
-0.00165144
-0.00113151
-0.000610371
-9.50704e-05
0.000407016
0.000888312
0.00134119
0.00175812
0.00213188
0.00245569
0.00272344
0.00292981
0.00307046
0.00314214
0.00314283
0.00307178
0.00292955
0.00271803
0.00244034
0.0021008
0.00170476
0.00125844
0.000768796
0.000243278
-0.000310368
-0.000884552
-0.00147179
-0.00206163
-0.00264428
-0.00325637
-0.00393247
0.000323723
-0.000432174
-0.00102782
-0.00151435
-0.00195224
-0.00234451
-0.00269369
-0.00300626
-0.00328844
-0.00354569
-0.00378299
-0.00400477
-0.00421488
-0.00441661
-0.00461266
-0.00480519
-0.00499579
-0.00518557
-0.00537515
-0.00556468
-0.00575387
-0.00594207
-0.00612821
-0.00631091
-0.00648847
-0.0066589
-0.00681997
-0.00696923
-0.00710408
-0.00722174
-0.00731938
-0.00739411
-0.00744301
-0.00746326
-0.00745211
-0.007407
-0.00732558
-0.00720581
-0.00704599
-0.00684484
-0.00660157
-0.00631595
-0.00598834
-0.00561977
-0.00521199
-0.00476747
-0.00428949
-0.00378209
-0.00325011
-0.00269915
-0.00213552
-0.00156619
-0.000998684
-0.000440997
9.85836e-05
0.000611607
0.00108964
0.00152447
0.00190829
0.00223391
0.00249496
0.00268609
0.00280308
0.00284308
0.00280459
0.00268762
0.00249367
0.00222565
0.00188786
0.00148584
0.00102618
0.000516312
-3.56458e-05
-0.000621208
-0.001232
-0.00185973
-0.00249283
-0.00312052
-0.00378251
-0.00451623
-0.000253522
-0.00102489
-0.0016326
-0.00212896
-0.00257591
-0.00297672
-0.00333414
-0.00365497
-0.00394572
-0.00421211
-0.00445933
-0.00469201
-0.00491417
-0.0051292
-0.0053399
-0.0055485
-0.00575663
-0.00596542
-0.00617546
-0.00638687
-0.00659935
-0.00681213
-0.00702408
-0.0072337
-0.00743916
-0.00763832
-0.00782879
-0.00800792
-0.00817288
-0.00832068
-0.00844821
-0.00855228
-0.00862969
-0.00867725
-0.00869187
-0.00867062
-0.00861074
-0.00850979
-0.00836564
-0.00817661
-0.00794148
-0.00765962
-0.00733101
-0.00695633
-0.00653702
-0.00607532
-0.00557432
-0.00503796
-0.00447108
-0.00387938
-0.00326941
-0.00264847
-0.00202459
-0.00140634
-0.000802784
-0.000223227
0.000322919
0.000826358
0.00127814
0.00166989
0.00199403
0.00224404
0.0024146
0.00250183
0.00250337
0.00241852
0.00224826
0.00199522
0.0016636
0.00125907
0.000788564
0.000260054
-0.000317672
-0.000935323
-0.00158367
-0.00225352
-0.00293211
-0.00360753
-0.00432285
-0.00511858
-0.000903581
-0.00168836
-0.0023066
-0.00281168
-0.00326679
-0.00367544
-0.00404063
-0.00436945
-0.00466868
-0.0049443
-0.0052017
-0.00544569
-0.00568045
-0.00590949
-0.0061357
-0.00636135
-0.00658814
-0.00681719
-0.00704909
-0.00728395
-0.00752138
-0.00776058
-0.00800032
-0.00823897
-0.0084746
-0.00870491
-0.00892733
-0.00913904
-0.00933697
-0.00951789
-0.00967841
-0.00981505
-0.00992428
-0.0100026
-0.0100464
-0.0100525
-0.0100177
-0.00993898
-0.00981388
-0.00964019
-0.00941625
-0.00914096
-0.00881385
-0.00843519
-0.00800605
-0.00752836
-0.00700493
-0.00643958
-0.00583706
-0.00520313
-0.00454451
-0.00386881
-0.00318452
-0.00250083
-0.00182755
-0.00117491
-0.000553363
2.6634e-05
0.000554872
0.00102165
0.00141805
0.0017362
0.00196949
0.00211285
0.00216288
0.00211801
0.00197855
0.0017467
0.0014265
0.00102369
0.000545505
4.56313e-07
-0.000601951
-0.00125157
-0.00193822
-0.00265175
-0.00337807
-0.00410402
-0.00487631
-0.00573874
-0.00162787
-0.00242394
-0.00305115
-0.0035638
-0.00402614
-0.00444194
-0.00481442
-0.00515095
-0.00545857
-0.00574348
-0.00601131
-0.00626702
-0.00651492
-0.00675866
-0.00700121
-0.0072449
-0.00749147
-0.00774204
-0.00799722
-0.00825707
-0.00852116
-0.00878863
-0.00905815
-0.00932802
-0.00959615
-0.00986011
-0.0101172
-0.0103643
-0.0105982
-0.0108154
-0.0110122
-0.0111849
-0.0113295
-0.0114422
-0.0115191
-0.0115563
-0.0115504
-0.0114978
-0.0113956
-0.0112409
-0.0110317
-0.0107663
-0.0104438
-0.0100638
-0.00962711
-0.00913518
-0.00859053
-0.0079967
-0.00735832
-0.00668114
-0.00597197
-0.00523871
-0.00449025
-0.0037364
-0.00298772
-0.00225538
-0.00155094
-0.000886093
-0.000272427
0.000278901
0.000757457
0.00115384
0.00145997
0.00166938
0.00177742
0.00178145
0.00168094
0.00147752
0.00117494
0.000778914
0.000296957
-0.000261903
-0.000887415
-0.00156851
-0.002294
-0.00305265
-0.00382891
-0.00460828
-0.00544138
-0.00637552
-0.0024275
-0.00323269
-0.00386728
-0.00438632
-0.00485497
-0.0052772
-0.00565648
-0.00600042
-0.00631632
-0.00661061
-0.00688908
-0.00715688
-0.00741846
-0.00767757
-0.00793727
-0.00819995
-0.00846738
-0.00874072
-0.00902056
-0.00930693
-0.00959938
-0.00989697
-0.0101983
-0.0105016
-0.0108046
-0.0111048
-0.0113992
-0.0116846
-0.0119576
-0.0122144
-0.012451
-0.0126633
-0.0128472
-0.0129982
-0.0131122
-0.0131848
-0.0132119
-0.0131897
-0.0131145
-0.0129831
-0.0127927
-0.0125411
-0.0122267
-0.0118487
-0.0114074
-0.0109036
-0.0103395
-0.00971833
-0.00904449
-0.0083236
-0.00756252
-0.00676936
-0.00595336
-0.00512491
-0.00429532
-0.00347671
-0.00268178
-0.00192356
-0.0012151
-0.000569161
2.14634e-06
0.000487701
0.000877732
0.00116414
0.00134081
0.00140379
0.00135153
0.00118488
0.000907155
0.000523945
4.29595e-05
-0.000526272
-0.00117274
-0.00188439
-0.00264895
-0.00345399
-0.00428237
-0.00511812
-0.00601602
-0.00702719
-0.00330326
-0.00411538
-0.00475574
-0.00527998
-0.00575398
-0.00618194
-0.0065675
-0.00691856
-0.00724262
-0.00754631
-0.00783562
-0.00811585
-0.00839159
-0.00866669
-0.0089443
-0.00922687
-0.00951621
-0.0098135
-0.0101193
-0.0104337
-0.0107562
-0.0110857
-0.0114209
-0.0117598
-0.0121
-0.012439
-0.0127735
-0.0131003
-0.0134156
-0.0137153
-0.0139953
-0.0142511
-0.0144781
-0.0146717
-0.014827
-0.0149394
-0.0150043
-0.015017
-0.0149736
-0.01487
-0.0147029
-0.0144694
-0.0141674
-0.0137953
-0.0133528
-0.0128402
-0.0122592
-0.0116125
-0.0109043
-0.0101399
-0.00932617
-0.00847133
-0.00758494
-0.00667786
-0.00576215
-0.00485088
-0.00395792
-0.00309767
-0.00228475
-0.00153367
-0.000858391
-0.000271945
0.000213967
0.000589379
0.000846421
0.000979617
0.000986108
0.000865779
0.000621289
0.000257977
-0.000216347
-0.0007917
-0.0014563
-0.00219708
-0.00300057
-0.00385306
-0.00473567
-0.00563076
-0.00659764
-0.00769144
-0.00425561
-0.00507244
-0.00571693
-0.0062452
-0.00672361
-0.00715656
-0.0075479
-0.00790574
-0.00823779
-0.0085509
-0.0088512
-0.00914416
-0.00943448
-0.00972612
-0.0100223
-0.0103256
-0.0106378
-0.0109602
-0.0112933
-0.0116371
-0.0119911
-0.0123544
-0.0127253
-0.0131019
-0.0134818
-0.0138621
-0.0142396
-0.0146107
-0.0149714
-0.0153176
-0.0156446
-0.0159478
-0.0162221
-0.0164625
-0.0166638
-0.0168206
-0.016928
-0.0169807
-0.0169739
-0.0169032
-0.0167645
-0.016554
-0.0162691
-0.0159074
-0.0154679
-0.0149502
-0.0143555
-0.0136859
-0.0129451
-0.0121382
-0.0112718
-0.0103542
-0.00939522
-0.00840605
-0.00739948
-0.00638948
-0.00539111
-0.00442019
-0.00349302
-0.00262593
-0.00183491
-0.00113515
-0.000540487
-6.30421e-05
0.000287286
0.000503184
0.000580215
0.000517021
0.000315397
-1.97661e-05
-0.000480683
-0.00105699
-0.00173615
-0.00250401
-0.00334588
-0.0042466
-0.00518538
-0.00614279
-0.00718294
-0.00836528
-0.00528466
-0.00610398
-0.006751
-0.00728211
-0.00776398
-0.00820119
-0.00859777
-0.00896204
-0.00930191
-0.00962437
-0.00993575
-0.0102416
-0.0105469
-0.0108556
-0.0111709
-0.0114957
-0.0118316
-0.01218
-0.0125415
-0.012916
-0.0133032
-0.0137018
-0.0141103
-0.0145267
-0.0149484
-0.0153726
-0.0157957
-0.016214
-0.0166235
-0.0170195
-0.0173973
-0.0177518
-0.0180777
-0.0183693
-0.0186211
-0.0188274
-0.0189822
-0.0190801
-0.0191154
-0.019083
-0.0189779
-0.018796
-0.0185334
-0.0181872
-0.0177555
-0.0172372
-0.0166327
-0.0159435
-0.0151727
-0.0143251
-0.0134069
-0.0124263
-0.0113932
-0.0103192
-0.00921763
-0.00810335
-0.00699255
-0.00590253
-0.00485128
-0.00385712
-0.00293822
-0.00211209
-0.00139501
-0.000801517
-0.000343856
-3.15137e-05
0.000129173
0.00013529
-1.25034e-05
-0.000309994
-0.000749592
-0.00132065
-0.00200991
-0.00280214
-0.00368129
-0.00463069
-0.00562742
-0.00665007
-0.0077679
-0.00904493
-0.00639017
-0.00720979
-0.00785776
-0.00839053
-0.00887492
-0.00931565
-0.00971693
-0.0100872
-0.0104347
-0.0107664
-0.0110889
-0.0114078
-0.0117282
-0.0120542
-0.0123893
-0.012736
-0.0130964
-0.0134717
-0.0138625
-0.014269
-0.0146905
-0.015126
-0.0155738
-0.0160319
-0.0164976
-0.0169679
-0.0174393
-0.0179078
-0.018369
-0.0188183
-0.0192505
-0.0196603
-0.0200418
-0.0203893
-0.0206964
-0.0209569
-0.0211645
-0.0213129
-0.0213958
-0.0214074
-0.0213419
-0.0211942
-0.0209597
-0.0206347
-0.0202162
-0.0197024
-0.0190928
-0.0183882
-0.017591
-0.0167053
-0.0157371
-0.0146941
-0.0135863
-0.0124256
-0.0112256
-0.0100022
-0.00877248
-0.00755528
-0.00637035
-0.00523805
-0.00417888
-0.00321287
-0.00235901
-0.00163454
-0.00105441
-0.000630631
-0.000371819
-0.000282799
-0.000364378
-0.000613298
-0.00102238
-0.00158084
-0.00227477
-0.00308784
-0.00400258
-0.00500065
-0.00605687
-0.00714761
-0.00834762
-0.00972573
-0.00757156
-0.00838935
-0.00903669
-0.00957
-0.010056
-0.0104995
-0.0109049
-0.0112808
-0.0116355
-0.0119763
-0.0123098
-0.0126418
-0.0129774
-0.013321
-0.013676
-0.0140451
-0.0144304
-0.0148333
-0.0152543
-0.0156936
-0.0161506
-0.0166243
-0.0171129
-0.0176144
-0.018126
-0.0186447
-0.0191667
-0.019688
-0.0202041
-0.0207099
-0.0212001
-0.0216689
-0.0221103
-0.0225179
-0.022885
-0.0232049
-0.0234705
-0.023675
-0.0238113
-0.0238728
-0.0238529
-0.0237456
-0.0235454
-0.0232477
-0.0228484
-0.0223449
-0.0217357
-0.0210206
-0.0202013
-0.0192812
-0.0182655
-0.0171619
-0.0159799
-0.0147314
-0.0134307
-0.012094
-0.0107397
-0.00938789
-0.00806007
-0.00677875
-0.00556688
-0.00444721
-0.00344165
-0.0025705
-0.00185174
-0.00130033
-0.000927567
-0.0007406
-0.00074209
-0.000930073
-0.00129805
-0.00183531
-0.00252737
-0.00335683
-0.00430475
-0.00535103
-0.00646794
-0.00762947
-0.00891619
-0.010402
-0.00882789
-0.00964179
-0.010287
-0.0108198
-0.0113064
-0.011752
-0.0121609
-0.012542
-0.0129035
-0.0132531
-0.0135973
-0.0139423
-0.0142931
-0.0146542
-0.0150292
-0.015421
-0.0158315
-0.0162623
-0.0167141
-0.0171869
-0.0176803
-0.0181931
-0.0187238
-0.0192702
-0.0198294
-0.0203984
-0.0209733
-0.0215499
-0.0221234
-0.0226888
-0.0232403
-0.0237719
-0.0242772
-0.0247493
-0.0251811
-0.0255652
-0.0258941
-0.0261602
-0.0263557
-0.0264731
-0.0265051
-0.0264446
-0.0262853
-0.0260214
-0.0256479
-0.025161
-0.0245582
-0.0238384
-0.0230022
-0.0220522
-0.0209929
-0.0198313
-0.0185766
-0.0172407
-0.0158378
-0.0143849
-0.0129012
-0.0114081
-0.00992885
-0.00848808
-0.00711127
-0.00582407
-0.00465156
-0.00361738
-0.00274296
-0.00204659
-0.00154273
-0.00124131
-0.0011473
-0.00126043
-0.00157522
-0.00208127
-0.00276371
-0.0036041
-0.00458198
-0.00567537
-0.00685381
-0.00808866
-0.00946661
-0.011067
-0.0101579
-0.010966
-0.0116077
-0.0121388
-0.0126252
-0.0130721
-0.0134839
-0.0138696
-0.0142376
-0.0145955
-0.0149501
-0.0153077
-0.0156734
-0.0160519
-0.0164468
-0.016861
-0.0172968
-0.0177557
-0.0182384
-0.0187452
-0.0192755
-0.0198283
-0.0204019
-0.0209943
-0.0216025
-0.0222234
-0.022853
-0.0234871
-0.0241206
-0.0247483
-0.0253642
-0.025962
-0.0265349
-0.0270756
-0.0275765
-0.0280297
-0.028427
-0.0287602
-0.0290207
-0.0292001
-0.0292903
-0.0292833
-0.0291715
-0.0289483
-0.0286075
-0.0281441
-0.0275545
-0.0268364
-0.0259894
-0.0250149
-0.0239167
-0.0227009
-0.0213763
-0.0199542
-0.0184492
-0.0168783
-0.0152616
-0.0136216
-0.0119832
-0.0103732
-0.00881969
-0.00735129
-0.00599645
-0.00478249
-0.00373463
-0.00287497
-0.0022216
-0.00178779
-0.0015813
-0.00160405
-0.001852
-0.00231534
-0.00297906
-0.00382375
-0.00482746
-0.00596619
-0.00720653
-0.00851694
-0.00999065
-0.0117126
-0.0115599
-0.0123604
-0.0129973
-0.0135258
-0.0140112
-0.0144586
-0.0148727
-0.0152623
-0.0156362
-0.0160019
-0.0163664
-0.016736
-0.0171161
-0.0175114
-0.0179258
-0.0183621
-0.0188229
-0.0193096
-0.0198232
-0.0203639
-0.0209313
-0.0215244
-0.0221417
-0.0227808
-0.023439
-0.024113
-0.0247989
-0.0254922
-0.0261879
-0.0268803
-0.0275634
-0.0282305
-0.0288744
-0.0294874
-0.0300616
-0.0305884
-0.0310591
-0.0314646
-0.0317957
-0.0320432
-0.0321979
-0.0322508
-0.0321936
-0.0320181
-0.0317171
-0.0312845
-0.0307153
-0.030006
-0.0291549
-0.0281624
-0.027031
-0.0257659
-0.0243752
-0.0228698
-0.0212638
-0.0195744
-0.0178224
-0.0160311
-0.0142271
-0.0124392
-0.0106979
-0.00903507
-0.0074827
-0.00607202
-0.00483243
-0.0037903
-0.00296791
-0.00238238
-0.00204489
-0.00196009
-0.00212585
-0.00253341
-0.00316783
-0.00400894
-0.00503329
-0.00621478
-0.00751684
-0.00890476
-0.0104786
-0.0123292
-0.0130321
-0.0138234
-0.0144543
-0.0149793
-0.0154628
-0.0159101
-0.0163257
-0.0167187
-0.0170976
-0.0174704
-0.017844
-0.0182249
-0.0186186
-0.01903
-0.0194629
-0.0199207
-0.0204057
-0.0209197
-0.0214637
-0.022038
-0.0226423
-0.0232756
-0.0239365
-0.0246227
-0.0253315
-0.0260595
-0.0268027
-0.0275567
-0.0283161
-0.0290753
-0.0298278
-0.0305668
-0.0312848
-0.0319736
-0.0326249
-0.0332295
-0.033778
-0.0342608
-0.0346679
-0.0349892
-0.0352145
-0.035334
-0.035338
-0.0352173
-0.0349636
-0.0345693
-0.034028
-0.0333351
-0.0324874
-0.0314839
-0.030326
-0.0290177
-0.027566
-0.0259812
-0.0242768
-0.0224701
-0.0205819
-0.0186365
-0.0166618
-0.0146883
-0.0127492
-0.0108795
-0.00911485
-0.00749063
-0.00604078
-0.00479639
-0.00378446
-0.00302663
-0.00253811
-0.00232692
-0.00239345
-0.00273044
-0.00332343
-0.00415168
-0.00519031
-0.00641108
-0.00777403
-0.009241
-0.0109193
-0.0129057
-0.0145722
-0.0153529
-0.0159768
-0.0164975
-0.0169785
-0.0174249
-0.0178413
-0.0182368
-0.01862
-0.0189989
-0.0193806
-0.0197717
-0.0201779
-0.0206042
-0.0210546
-0.0215326
-0.0220408
-0.022581
-0.0231544
-0.0237614
-0.0244018
-0.0250749
-0.025779
-0.0265122
-0.0272716
-0.0280539
-0.0288551
-0.0296705
-0.0304949
-0.0313223
-0.0321461
-0.0329592
-0.0337538
-0.0345214
-0.0352529
-0.035939
-0.0365696
-0.0371343
-0.0376223
-0.0380227
-0.0383246
-0.0385168
-0.0385887
-0.0385299
-0.0383307
-0.0379823
-0.0374768
-0.0368082
-0.0359717
-0.0349651
-0.0337881
-0.0324435
-0.0309372
-0.0292782
-0.0274796
-0.025558
-0.0235344
-0.0214337
-0.0192845
-0.0171195
-0.014974
-0.012886
-0.0108951
-0.00904098
-0.00736236
-0.00589555
-0.00467283
-0.00372099
-0.00306001
-0.00270198
-0.00265048
-0.00290037
-0.0034381
-0.00424269
-0.00528797
-0.00654351
-0.00796577
-0.00951286
-0.0112996
-0.0134293
-0.0161778
-0.0169469
-0.017563
-0.0180788
-0.0185565
-0.0190013
-0.0194177
-0.0198148
-0.0202013
-0.0205851
-0.0209737
-0.0213736
-0.0217908
-0.0222303
-0.0226966
-0.0231933
-0.0237229
-0.0242878
-0.0248891
-0.0255274
-0.0262028
-0.0269144
-0.027661
-0.0284404
-0.02925
-0.0300863
-0.0309455
-0.0318227
-0.0327126
-0.0336091
-0.0345056
-0.0353944
-0.0362675
-0.0371161
-0.0379308
-0.0387016
-0.0394177
-0.0400683
-0.0406417
-0.0411262
-0.0415099
-0.0417808
-0.0419269
-0.0419367
-0.0417992
-0.0415041
-0.0410423
-0.040406
-0.0395891
-0.0385875
-0.0373996
-0.0360265
-0.0344727
-0.0327462
-0.0308587
-0.0288265
-0.0266699
-0.0244143
-0.022089
-0.0197279
-0.0173689
-0.0150528
-0.0128228
-0.0107231
-0.00879764
-0.00708821
-0.00563295
-0.00446449
-0.00360833
-0.00308144
-0.00289138
-0.00303582
-0.00350271
-0.00427121
-0.00531409
-0.00659876
-0.00807791
-0.00970563
-0.0116047
-0.0138847
-0.0178461
-0.0186029
-0.0192106
-0.019721
-0.020195
-0.0206374
-0.021053
-0.0214507
-0.0218392
-0.0222266
-0.0226203
-0.0230272
-0.0234535
-0.0239043
-0.0243844
-0.0248974
-0.0254465
-0.0260339
-0.026661
-0.0273287
-0.0280372
-0.0287857
-0.0295732
-0.0303976
-0.0312562
-0.0321458
-0.0330623
-0.0340011
-0.0349566
-0.0359226
-0.0368922
-0.0378577
-0.0388107
-0.0397421
-0.040642
-0.0414999
-0.0423046
-0.0430443
-0.043707
-0.04428
-0.0447503
-0.045105
-0.0453311
-0.0454158
-0.0453468
-0.0451124
-0.0447019
-0.044106
-0.0433169
-0.0423289
-0.0411386
-0.0397456
-0.0381525
-0.0363659
-0.0343964
-0.032259
-0.0299736
-0.0275653
-0.0250639
-0.0225045
-0.0199267
-0.0173742
-0.0148937
-0.0125341
-0.0103443
-0.00837237
-0.00666264
-0.0052543
-0.00417916
-0.00345996
-0.00310911
-0.00312793
-0.00350655
-0.00422479
-0.00525469
-0.00656159
-0.00809424
-0.00980246
-0.0118173
-0.014255
-0.0195745
-0.0203185
-0.0209177
-0.0214222
-0.0218919
-0.0223314
-0.0227453
-0.0231424
-0.0235315
-0.0239207
-0.0243176
-0.0247293
-0.0251621
-0.0256217
-0.0261129
-0.0266396
-0.0272053
-0.0278124
-0.0284627
-0.0291573
-0.0298963
-0.0306795
-0.0315057
-0.0323731
-0.0332791
-0.0342205
-0.0351932
-0.0361925
-0.0372129
-0.038248
-0.0392908
-0.0403333
-0.0413669
-0.0423821
-0.0433686
-0.0443154
-0.0452108
-0.0460425
-0.0467975
-0.0474625
-0.0480235
-0.0484668
-0.048778
-0.0489433
-0.0489489
-0.0487819
-0.0484301
-0.0478824
-0.0471294
-0.0461635
-0.0449796
-0.0435754
-0.0419519
-0.0401137
-0.0380699
-0.0358343
-0.0334259
-0.0308689
-0.0281935
-0.0254353
-0.0226355
-0.0198402
-0.0170997
-0.0144671
-0.0119969
-0.00974311
-0.00775716
-0.00608532
-0.00476655
-0.00383031
-0.00329484
-0.00316604
-0.00343706
-0.00408908
-0.00509376
-0.0064146
-0.00799629
-0.00978413
-0.0119177
-0.0145202
-0.0213599
-0.0220913
-0.0226819
-0.0231806
-0.0236457
-0.0240815
-0.0244927
-0.0248878
-0.0252758
-0.0256647
-0.0260624
-0.0264762
-0.0269127
-0.0273778
-0.0278767
-0.0284138
-0.0289927
-0.0296162
-0.0302863
-0.0310043
-0.0317708
-0.0325856
-0.0334478
-0.0343556
-0.0353066
-0.0362976
-0.0373246
-0.0383829
-0.0394669
-0.0405701
-0.0416853
-0.0428045
-0.0439185
-0.0450178
-0.0460915
-0.0471283
-0.0481159
-0.0490413
-0.049891
-0.0506507
-0.0513058
-0.0518413
-0.052242
-0.0524928
-0.0525787
-0.0524852
-0.0521987
-0.0517064
-0.0509973
-0.0500619
-0.0488932
-0.0474869
-0.045842
-0.0439613
-0.0418521
-0.0395264
-0.037002
-0.0343021
-0.0314565
-0.0285011
-0.0254783
-0.0224361
-0.0194279
-0.0165112
-0.0137457
-0.011192
-0.00890862
-0.00694966
-0.00536206
-0.00418298
-0.00343757
-0.00313738
-0.0032796
-0.00384749
-0.00481298
-0.00613796
-0.00776305
-0.00962879
-0.0118838
-0.0146578
-0.0231993
-0.0239189
-0.0245013
-0.0249942
-0.0254545
-0.0258861
-0.0262934
-0.0266851
-0.0270698
-0.0274559
-0.0278515
-0.0282641
-0.0287007
-0.0291676
-0.0296703
-0.0302136
-0.0308015
-0.0314372
-0.032123
-0.0328605
-0.0336507
-0.0344934
-0.035388
-0.0363329
-0.0373259
-0.0383637
-0.0394425
-0.0405575
-0.0417031
-0.0428726
-0.0440589
-0.0452535
-0.0464473
-0.0476301
-0.0487909
-0.0499178
-0.0509982
-0.0520184
-0.0529641
-0.0538205
-0.054572
-0.0552026
-0.0556962
-0.0560365
-0.0562073
-0.0561926
-0.0559773
-0.0555471
-0.0548891
-0.0539921
-0.052847
-0.0514474
-0.0497904
-0.0478766
-0.0457112
-0.0433045
-0.0406722
-0.0378367
-0.0348265
-0.0316776
-0.0284327
-0.0251417
-0.0218606
-0.0186507
-0.0155771
-0.0127067
-0.0101055
-0.00783617
-0.0059543
-0.00450577
-0.00352379
-0.00302677
-0.00301705
-0.00348098
-0.00439144
-0.00570914
-0.0073707
-0.00931166
-0.01169
-0.0146424
-0.0250899
-0.0257988
-0.0263739
-0.0268615
-0.0273169
-0.0277437
-0.028146
-0.0285323
-0.0289114
-0.0292919
-0.0296819
-0.0300894
-0.0305218
-0.0309859
-0.0314877
-0.0320323
-0.0326243
-0.0332672
-0.0339638
-0.0347162
-0.0355253
-0.0363915
-0.0373143
-0.0382924
-0.0393235
-0.0404047
-0.0415321
-0.0427008
-0.0439052
-0.0451388
-0.0463939
-0.0476622
-0.0489341
-0.0501992
-0.0514462
-0.0526628
-0.0538356
-0.0549507
-0.055993
-0.0569469
-0.0577962
-0.0585239
-0.0591129
-0.0595456
-0.0598048
-0.0598732
-0.0597341
-0.0593716
-0.0587711
-0.0579194
-0.0568057
-0.0554213
-0.0537611
-0.0518236
-0.0496116
-0.0471333
-0.0444024
-0.0414395
-0.038272
-0.0349349
-0.0314712
-0.0279317
-0.0243746
-0.0208647
-0.0174721
-0.01427
-0.0113322
-0.0087299
-0.00652843
-0.00478332
-0.00353705
-0.0028162
-0.00262955
-0.00296768
-0.00380534
-0.00510262
-0.00679227
-0.00880475
-0.0113077
-0.014445
-0.0270286
-0.0277289
-0.0282981
-0.0287811
-0.0292317
-0.0296531
-0.0300491
-0.0304281
-0.0307988
-0.0311699
-0.0315503
-0.0319481
-0.0323713
-0.0328273
-0.0333225
-0.0338627
-0.034453
-0.0350975
-0.0357993
-0.0365608
-0.0373835
-0.0382681
-0.0392142
-0.0402207
-0.0412856
-0.042406
-0.043578
-0.0447969
-0.0460569
-0.0473513
-0.0486726
-0.050012
-0.0513598
-0.0527053
-0.0540367
-0.0553415
-0.0566057
-0.0578149
-0.0589534
-0.0600049
-0.0609523
-0.0617779
-0.0624635
-0.0629906
-0.0633407
-0.0634952
-0.0634361
-0.0631458
-0.062608
-0.0618078
-0.0607323
-0.0593707
-0.0577157
-0.0557633
-0.0535141
-0.0509738
-0.0481539
-0.0450728
-0.0417562
-0.038238
-0.0345605
-0.0307749
-0.0269412
-0.023127
-0.0194068
-0.01586
-0.0125682
-0.00961158
-0.00706567
-0.00499665
-0.00345753
-0.00248445
-0.00209407
-0.00228257
-0.00302764
-0.0042895
-0.00599734
-0.00807648
-0.0107047
-0.0140328
-0.0290131
-0.0297076
-0.0302728
-0.0307522
-0.0311983
-0.0316138
-0.0320019
-0.0323711
-0.03273
-0.0330879
-0.0334537
-0.0338364
-0.0342446
-0.0346861
-0.0351683
-0.0356975
-0.0362795
-0.0369188
-0.0376192
-0.0383836
-0.0392138
-0.0401108
-0.0410746
-0.0421042
-0.0431979
-0.0443526
-0.0455648
-0.0468296
-0.0481412
-0.0494929
-0.0508768
-0.0522842
-0.0537049
-0.0551281
-0.0565416
-0.0579324
-0.0592862
-0.0605878
-0.0618211
-0.0629692
-0.064014
-0.0649373
-0.0657198
-0.066342
-0.0667842
-0.0670267
-0.0670499
-0.0668351
-0.066364
-0.0656201
-0.0645884
-0.0632561
-0.0616135
-0.0596544
-0.0573768
-0.0547838
-0.0518845
-0.0486947
-0.0452381
-0.0415468
-0.037662
-0.0336348
-0.0295259
-0.0254052
-0.0213514
-0.0174493
-0.013788
-0.0104571
-0.00754277
-0.00512266
-0.00326154
-0.00200662
-0.00138404
-0.00139707
-0.00202769
-0.00323719
-0.00495166
-0.00709134
-0.00984463
-0.0133693
-0.0310408
-0.0317334
-0.0322972
-0.0327745
-0.0332167
-0.0336256
-0.0340042
-0.0343606
-0.034704
-0.0350437
-0.0353894
-0.0357507
-0.0361369
-0.0365567
-0.0370184
-0.037529
-0.038095
-0.0387217
-0.0394134
-0.0401735
-0.0410043
-0.0419071
-0.0428822
-0.043929
-0.0450456
-0.0462295
-0.0474767
-0.0487827
-0.0501414
-0.0515461
-0.0529888
-0.0544603
-0.0559505
-0.0574481
-0.0589405
-0.0604144
-0.061855
-0.0632467
-0.0645727
-0.0658153
-0.0669561
-0.0679756
-0.068854
-0.0695708
-0.0701051
-0.070436
-0.0705428
-0.0704052
-0.0700034
-0.069319
-0.0683353
-0.0670373
-0.0654132
-0.0634543
-0.061156
-0.0585187
-0.055549
-0.0522599
-0.0486726
-0.0448169
-0.0407325
-0.0364695
-0.0320887
-0.0276618
-0.0232704
-0.0190046
-0.0149606
-0.0112372
-0.00793155
-0.00513363
-0.00292109
-0.00135372
-0.000468862
-0.00027863
-0.000770802
-0.00190896
-0.00361673
-0.00580947
-0.00868673
-0.0124132
-0.0331101
-0.0338056
-0.0343715
-0.0348487
-0.0352875
-0.0356892
-0.0360562
-0.0363967
-0.0367199
-0.0370357
-0.0373547
-0.0376871
-0.0380434
-0.0384334
-0.0388659
-0.0393494
-0.0398908
-0.0404963
-0.0411711
-0.0419189
-0.0427426
-0.043644
-0.0446235
-0.0456808
-0.0468143
-0.0480213
-0.0492981
-0.05064
-0.0520409
-0.0534939
-0.0549908
-0.0565223
-0.0580779
-0.059646
-0.0612138
-0.0627672
-0.0642913
-0.0657698
-0.0671854
-0.0685198
-0.0697539
-0.0708674
-0.0718397
-0.0726492
-0.0732743
-0.0736929
-0.0738829
-0.0738226
-0.073491
-0.0728678
-0.0719346
-0.0706744
-0.069073
-0.0671196
-0.0648068
-0.0621326
-0.0591004
-0.0557206
-0.0520114
-0.0480001
-0.0437243
-0.0392323
-0.0345845
-0.0298532
-0.0251225
-0.0204869
-0.0160491
-0.0119169
-0.00819849
-0.00499676
-0.00240336
-0.000492165
0.000686493
0.00110973
0.000782156
-0.000263522
-0.00194937
-0.00418622
-0.00718541
-0.0111185
-0.0352197
-0.0359245
-0.0364966
-0.036976
-0.0374125
-0.0378063
-0.0381594
-0.0384798
-0.0387774
-0.0390628
-0.0393472
-0.0396423
-0.0399596
-0.0403101
-0.0407039
-0.0411503
-0.0416575
-0.0422326
-0.0428812
-0.043608
-0.0444163
-0.0453083
-0.0462847
-0.0473455
-0.0484891
-0.049713
-0.0510135
-0.0523857
-0.0538235
-0.0553198
-0.0568661
-0.0584529
-0.0600694
-0.0617037
-0.0633426
-0.0649716
-0.0665752
-0.0681366
-0.0696381
-0.0710607
-0.0723845
-0.0735887
-0.0746518
-0.0755513
-0.0762645
-0.0767684
-0.0770398
-0.0770556
-0.0767934
-0.0762314
-0.0753492
-0.0741282
-0.0725521
-0.0706075
-0.0682847
-0.065579
-0.0624907
-0.0590274
-0.0552043
-0.0510455
-0.0465861
-0.0418723
-0.0369632
-0.0319309
-0.026861
-0.0218514
-0.0170108
-0.0124554
-0.00830431
-0.00467375
-0.00167027
0.000616718
0.00212201
0.00280988
0.00267528
0.00174547
9.87761e-05
-0.00217166
-0.0052897
-0.00943371
-0.0373694
-0.0380911
-0.0386748
-0.0391594
-0.0395946
-0.0399795
-0.0403158
-0.0406115
-0.0408771
-0.0411241
-0.041365
-0.0416129
-0.0418807
-0.0421809
-0.0425249
-0.0429235
-0.0433858
-0.0439199
-0.0445325
-0.0452288
-0.0460127
-0.0468868
-0.0478522
-0.0489089
-0.0500557
-0.0512899
-0.0526078
-0.0540044
-0.0554736
-0.0570078
-0.0585984
-0.0602357
-0.0619084
-0.0636042
-0.0653096
-0.0670096
-0.0686883
-0.0703283
-0.0719113
-0.0734178
-0.0748271
-0.0761178
-0.0772674
-0.0782529
-0.0790505
-0.0796362
-0.0799857
-0.0800747
-0.0798793
-0.0793765
-0.0785442
-0.0773619
-0.0758112
-0.0738766
-0.0715461
-0.068812
-0.065672
-0.0621306
-0.0581996
-0.0539003
-0.0492644
-0.0443357
-0.039171
-0.0338416
-0.0284337
-0.0230477
-0.0177971
-0.0128059
-0.00820379
-0.00412046
-0.00067806
0.00201712
0.00388312
0.00486913
0.00495815
0.00416994
0.00258181
0.000290021
-0.00294274
-0.00730162
-0.0395598
-0.0403081
-0.0409097
-0.0414032
-0.0418383
-0.0422133
-0.0425291
-0.0427944
-0.0430202
-0.0432196
-0.0434065
-0.0435958
-0.0438022
-0.0440397
-0.0443217
-0.0446602
-0.0450659
-0.0455478
-0.0461135
-0.0467691
-0.047519
-0.0483663
-0.0493123
-0.0503572
-0.0514998
-0.0527376
-0.0540665
-0.0554816
-0.0569763
-0.0585431
-0.0601729
-0.0618555
-0.0635794
-0.0653319
-0.0670989
-0.0688652
-0.0706141
-0.0723279
-0.0739875
-0.0755729
-0.0770628
-0.0784349
-0.0796662
-0.0807327
-0.0816098
-0.0822724
-0.0826953
-0.082853
-0.0827204
-0.082273
-0.0814872
-0.0803408
-0.0788135
-0.0768878
-0.0745491
-0.0717875
-0.0685977
-0.064981
-0.0609462
-0.0565111
-0.0517042
-0.046566
-0.0411509
-0.0355284
-0.0297842
-0.0240201
-0.0183538
-0.0129156
-0.00784562
-0.00328661
0.000623118
0.00375924
0.00602117
0.0073407
0.00768635
0.00706803
0.00556016
0.00326108
-8.11499e-05
-0.00465845
-0.0417932
-0.0425797
-0.0432071
-0.0437135
-0.04415
-0.0445133
-0.0448043
-0.0450321
-0.0452091
-0.0453499
-0.0454706
-0.0455881
-0.0457193
-0.0458804
-0.0460866
-0.0463517
-0.0466877
-0.0471052
-0.0476125
-0.0482166
-0.0489225
-0.0497336
-0.0506516
-0.0516768
-0.0528079
-0.0540423
-0.055376
-0.0568035
-0.0583182
-0.059912
-0.0615756
-0.0632985
-0.0650687
-0.0668729
-0.0686966
-0.0705241
-0.0723382
-0.0741205
-0.0758515
-0.0775104
-0.0790753
-0.0805233
-0.0818305
-0.0829721
-0.0839227
-0.0846563
-0.0851466
-0.0853671
-0.0852915
-0.0848939
-0.0841493
-0.0830339
-0.0815257
-0.079605
-0.0772553
-0.074464
-0.0712232
-0.0675313
-0.0633938
-0.0588252
-0.0538502
-0.0485061
-0.0428442
-0.0369314
-0.0308522
-0.0247087
-0.0186213
-0.0127263
-0.00717246
-0.0021157
0.00228945
0.00589963
0.00859394
0.0102844
0.0109222
0.0105047
0.00910134
0.00681101
0.00336574
-0.00143329
-0.0440735
-0.0449125
-0.045575
-0.0460992
-0.0465382
-0.0468877
-0.0471483
-0.0473301
-0.0474472
-0.0475164
-0.0475565
-0.047587
-0.0476274
-0.0476965
-0.0478117
-0.0479887
-0.0482412
-0.048581
-0.0490177
-0.049559
-0.0502105
-0.0509759
-0.0518572
-0.0528546
-0.0539669
-0.0551912
-0.0565233
-0.0579574
-0.0594865
-0.0611022
-0.0627946
-0.0645528
-0.0663642
-0.0682152
-0.0700907
-0.0719742
-0.0738483
-0.0756938
-0.0774906
-0.0792172
-0.0808512
-0.0823688
-0.0837455
-0.0849556
-0.0859729
-0.0867705
-0.0873211
-0.0875971
-0.0875711
-0.0872161
-0.0865055
-0.085414
-0.0839181
-0.0819962
-0.0796297
-0.0768037
-0.0735078
-0.0697374
-0.065495
-0.0607916
-0.0556485
-0.0500993
-0.0441915
-0.0379894
-0.031575
-0.02505
-0.0185361
-0.0121742
-0.00612119
-0.000544989
0.00438363
0.00850163
0.0116662
0.013767
0.0147353
0.0145526
0.0132808
0.0110174
0.00747669
0.00245271
-0.0464069
-0.0473158
-0.0480244
-0.0485719
-0.0490145
-0.0493471
-0.0495701
-0.0496952
-0.049739
-0.0497213
-0.049664
-0.0495901
-0.049522
-0.0494817
-0.0494889
-0.0495617
-0.0497156
-0.0499638
-0.0503172
-0.050784
-0.0513704
-0.0520805
-0.0529164
-0.0538783
-0.0549646
-0.0561724
-0.0574969
-0.0589321
-0.0604703
-0.0621028
-0.0638192
-0.0656079
-0.0674559
-0.0693488
-0.0712711
-0.0732058
-0.0751345
-0.0770378
-0.0788947
-0.0806831
-0.0823798
-0.0839605
-0.0853996
-0.086671
-0.0877474
-0.0886011
-0.0892037
-0.0895268
-0.0895418
-0.0892203
-0.0885347
-0.0874582
-0.0859656
-0.0840337
-0.0816418
-0.078773
-0.0754144
-0.0715588
-0.0672057
-0.0623627
-0.0570477
-0.0512903
-0.0451345
-0.0386409
-0.0318887
-0.024978
-0.018031
-0.0111915
-0.00462343
0.00149423
0.00697494
0.0116355
0.0153099
0.0178632
0.0192033
0.0192928
0.0181827
0.0159669
0.0123396
0.00708731
-0.0488028
-0.0498025
-0.0505703
-0.0511471
-0.0515941
-0.0519051
-0.0520812
-0.0521365
-0.0520908
-0.0519678
-0.0517935
-0.0515949
-0.0513983
-0.0512289
-0.0511096
-0.0510609
-0.0511001
-0.0512422
-0.0514988
-0.0518792
-0.05239
-0.0530354
-0.0538174
-0.0547362
-0.0557899
-0.056975
-0.0582864
-0.0597175
-0.0612602
-0.0629049
-0.0646408
-0.0664555
-0.0683356
-0.070266
-0.0722305
-0.0742113
-0.0761896
-0.0781452
-0.0800564
-0.0819004
-0.0836534
-0.0852902
-0.0867845
-0.0881094
-0.0892367
-0.0901378
-0.0907834
-0.0911441
-0.0911901
-0.0908919
-0.0902207
-0.0891482
-0.0876478
-0.0856946
-0.0832662
-0.0803435
-0.0769115
-0.0729604
-0.0684869
-0.0634954
-0.0580004
-0.0520276
-0.0456173
-0.0388261
-0.0317299
-0.0244263
-0.0170367
-0.00970698
-0.00260637
0.00407615
0.010139
0.0153788
0.019605
0.022656
0.0244131
0.024816
0.0239014
0.0217567
0.0180529
0.0125684
-0.0512744
-0.0523902
-0.0532327
-0.0538453
-0.0542964
-0.0545793
-0.0546964
-0.0546653
-0.0545103
-0.05426
-0.0539457
-0.0535991
-0.0532513
-0.0529312
-0.052665
-0.052476
-0.0523836
-0.0524042
-0.0525506
-0.0528327
-0.0532573
-0.0538288
-0.054549
-0.0554176
-0.0564325
-0.0575895
-0.0588829
-0.0603054
-0.0618482
-0.0635011
-0.0652525
-0.0670895
-0.0689976
-0.0709612
-0.0729634
-0.0749858
-0.0770087
-0.0790112
-0.0809709
-0.0828645
-0.0846671
-0.0863528
-0.0878948
-0.089265
-0.0904345
-0.0913738
-0.0920526
-0.0924405
-0.0925065
-0.0922202
-0.0915513
-0.0904704
-0.0889492
-0.0869614
-0.0844828
-0.0814924
-0.0779731
-0.0739127
-0.0693052
-0.0641521
-0.0584644
-0.0522644
-0.0455882
-0.0384885
-0.0310373
-0.0233292
-0.0154838
-0.00764763
6.03172e-06
0.00727955
0.0139572
0.0198157
0.0246392
0.0282373
0.0304612
0.0312236
0.0305427
0.0284957
0.024727
0.0190053
-0.0538399
-0.0551025
-0.0560377
-0.056693
-0.0571465
-0.0573919
-0.0574342
-0.0572957
-0.057007
-0.0566032
-0.0561217
-0.0556005
-0.0550756
-0.0545807
-0.0541456
-0.0537963
-0.0535545
-0.0534379
-0.0534605
-0.0536325
-0.0539609
-0.0544498
-0.0551008
-0.0559131
-0.0568837
-0.0580078
-0.059279
-0.0606891
-0.0622285
-0.0638862
-0.0656498
-0.0675055
-0.0694381
-0.0714312
-0.0734671
-0.0755266
-0.0775893
-0.0796336
-0.0816363
-0.0835732
-0.0854187
-0.0871463
-0.0887281
-0.0901352
-0.0913379
-0.0923057
-0.0930074
-0.0934114
-0.0934859
-0.093199
-0.0925193
-0.0914161
-0.0898596
-0.087822
-0.0852774
-0.082203
-0.0785796
-0.0743928
-0.069634
-0.064302
-0.0584046
-0.0519604
-0.0450017
-0.0375769
-0.0297542
-0.0216244
-0.0133045
-0.00494052
0.00329145
0.0111866
0.0185162
0.0250375
0.0305088
0.0347087
0.037455
0.0386291
0.0382256
0.0363071
0.0324863
0.0265211
-0.0565243
-0.0579711
-0.05902
-0.0597243
-0.0601761
-0.0603708
-0.0603172
-0.0600449
-0.0595925
-0.0590035
-0.0583231
-0.0575964
-0.0568656
-0.0561692
-0.0555412
-0.0550105
-0.0546008
-0.0543313
-0.0542166
-0.0542671
-0.0544899
-0.0548884
-0.0554637
-0.0562142
-0.057136
-0.0582235
-0.0594691
-0.0608639
-0.0623971
-0.064057
-0.06583
-0.0677015
-0.0696556
-0.0716749
-0.0737408
-0.0758335
-0.0779316
-0.0800126
-0.0820528
-0.0840271
-0.085909
-0.0876712
-0.0892849
-0.0907204
-0.0919471
-0.0929335
-0.0936474
-0.0940561
-0.0941267
-0.0938261
-0.0931217
-0.0919813
-0.0903738
-0.0882697
-0.0856416
-0.0824648
-0.0787182
-0.0743851
-0.0694545
-0.0639224
-0.0577936
-0.0510833
-0.0438198
-0.0360476
-0.0278304
-0.0192549
-0.010435
-0.00151525
0.00732701
0.015881
0.0239063
0.0311412
0.0373178
0.0421819
0.0455144
0.0471601
0.0470845
0.0453303
0.0414721
0.0352545
-0.0593616
-0.0610378
-0.0622245
-0.0629835
-0.0634259
-0.0635508
-0.0633735
-0.0629336
-0.0622806
-0.0614682
-0.0605515
-0.0595839
-0.0586145
-0.0576875
-0.0568409
-0.0561066
-0.0555102
-0.055072
-0.054807
-0.0547255
-0.054834
-0.0551353
-0.0556296
-0.0563139
-0.0571836
-0.0582316
-0.0594495
-0.0608268
-0.062352
-0.0640121
-0.0657926
-0.0676779
-0.0696509
-0.0716936
-0.0737864
-0.0759084
-0.0780378
-0.080151
-0.0822234
-0.0842291
-0.0861409
-0.0879305
-0.0895684
-0.0910238
-0.0922652
-0.0932601
-0.0939753
-0.094377
-0.0944311
-0.0941034
-0.0933597
-0.0921667
-0.0904918
-0.0883037
-0.0855734
-0.0822744
-0.0783835
-0.0738818
-0.0687561
-0.0629995
-0.0566138
-0.0496107
-0.042015
-0.0338666
-0.025225
-0.0161725
-0.00681909
0.00269314
0.0121865
0.0214456
0.0302196
0.0382286
0.0451781
0.0507793
0.0547724
0.0569601
0.0572723
0.0557248
0.0518461
0.0453638
-0.0623977
-0.0643586
-0.0657106
-0.0665276
-0.0669473
-0.0669753
-0.0666373
-0.0659867
-0.0650871
-0.0640054
-0.0628084
-0.0615591
-0.0603148
-0.0591252
-0.0580327
-0.0570717
-0.0562697
-0.0556474
-0.0552198
-0.0549968
-0.0549837
-0.0551823
-0.0555914
-0.0562067
-0.0570221
-0.0580291
-0.0592179
-0.0605769
-0.0620932
-0.0637524
-0.0655391
-0.0674366
-0.0694268
-0.0714906
-0.0736074
-0.0757557
-0.0779124
-0.0800533
-0.0821529
-0.0841844
-0.0861199
-0.0879299
-0.0895841
-0.0910509
-0.0922978
-0.0932913
-0.0939969
-0.09438
-0.094405
-0.0940365
-0.0932391
-0.0919779
-0.0902187
-0.0879287
-0.085077
-0.0816351
-0.0775778
-0.072884
-0.0675377
-0.0615297
-0.0548582
-0.0475319
-0.0395712
-0.0310122
-0.0219094
-0.0123404
-0.00241088
0.00774042
0.0179365
0.0279589
0.0375472
0.0464041
0.0542082
0.0606339
0.0653768
0.0681912
0.0689636
0.0676744
0.0637951
0.057031
-0.0656947
-0.0680078
-0.0695559
-0.0704304
-0.0708053
-0.0706982
-0.0701501
-0.0692333
-0.0680299
-0.0666233
-0.0650942
-0.0635169
-0.0619569
-0.0604702
-0.0591029
-0.0578918
-0.0568655
-0.0560446
-0.0554434
-0.0550706
-0.0549302
-0.0550222
-0.0553435
-0.0558884
-0.0566487
-0.0576146
-0.0587744
-0.0601151
-0.0616224
-0.0632806
-0.0650731
-0.0669819
-0.068988
-0.0710711
-0.0732097
-0.0753812
-0.0775618
-0.0797263
-0.0818484
-0.0839003
-0.0858531
-0.0876768
-0.0893399
-0.0908099
-0.0920532
-0.0930354
-0.0937209
-0.0940738
-0.0940574
-0.093635
-0.0927696
-0.0914249
-0.0895649
-0.0871552
-0.084163
-0.0805575
-0.0763115
-0.0714014
-0.0658085
-0.0595205
-0.0525324
-0.0448492
-0.0364872
-0.0274778
-0.0178704
-0.00773752
0.00282043
0.0136687
0.0246323
0.0354907
0.0459752
0.0557717
0.0645311
0.0718891
0.0774917
0.0810373
0.0823597
0.0813935
0.0775377
0.0704681
-0.0693369
-0.0720851
-0.0738631
-0.074787
-0.0750822
-0.0747858
-0.0739613
-0.0727069
-0.0711285
-0.06933
-0.0674082
-0.0654497
-0.0635291
-0.0617079
-0.0600359
-0.0585513
-0.0572827
-0.0562499
-0.0554657
-0.0549369
-0.0546652
-0.0546485
-0.0548815
-0.0553561
-0.0560623
-0.0569881
-0.0581203
-0.0594439
-0.0609433
-0.0626013
-0.0643998
-0.0663198
-0.068341
-0.0704421
-0.0726006
-0.0747929
-0.0769942
-0.0791785
-0.0813185
-0.0833856
-0.08535
-0.0871808
-0.0888455
-0.0903107
-0.0915419
-0.0925033
-0.0931587
-0.0934705
-0.093401
-0.092912
-0.0919652
-0.0905224
-0.0885462
-0.086
-0.082849
-0.0790603
-0.0746041
-0.0694541
-0.0635886
-0.0569921
-0.0496558
-0.0415806
-0.0327782
-0.0232746
-0.0131139
-0.00236221
0.00888591
0.0205011
0.0323115
0.0440961
0.0555791
0.0664301
0.0762717
0.0846974
0.0912982
0.0957075
0.097695
0.0971349
0.0933337
0.0859259
-0.0734393
-0.0767248
-0.0787679
-0.079721
-0.079882
-0.0793193
-0.0781293
-0.076445
-0.0744029
-0.0721313
-0.0697458
-0.0673461
-0.0650154
-0.0628204
-0.0608131
-0.0590321
-0.0575046
-0.0562487
-0.0552743
-0.0545854
-0.0541809
-0.0540557
-0.0542016
-0.0546082
-0.0552628
-0.0561514
-0.0572585
-0.0585676
-0.0600611
-0.0617204
-0.0635261
-0.0654578
-0.0674939
-0.0696122
-0.0717891
-0.074
-0.0762192
-0.0784198
-0.0805735
-0.082651
-0.0846216
-0.0864532
-0.0881127
-0.0895657
-0.0907766
-0.0917087
-0.0923243
-0.0925851
-0.0924518
-0.0918848
-0.0908443
-0.0892904
-0.0871838
-0.084486
-0.0811599
-0.0771702
-0.0724842
-0.0670727
-0.0609106
-0.0539784
-0.0462634
-0.0377613
-0.0284786
-0.0184354
-0.0076686
0.00376261
0.0157713
0.0282351
0.0409873
0.0538082
0.0664166
0.0784665
0.0895509
0.0992178
0.106995
0.11244
0.115244
0.115202
0.111497
0.103707
-0.0781604
-0.0821099
-0.0844513
-0.0853926
-0.0853352
-0.0843966
-0.0827208
-0.0804874
-0.077871
-0.0750289
-0.072097
-0.0691884
-0.0663942
-0.0637844
-0.0614115
-0.0593126
-0.0575121
-0.0560243
-0.0548554
-0.0540054
-0.0534692
-0.0532383
-0.0533011
-0.0536439
-0.0542514
-0.0551072
-0.0561934
-0.0574915
-0.0589822
-0.0606454
-0.0624601
-0.0644045
-0.066456
-0.0685912
-0.0707855
-0.0730133
-0.0752479
-0.0774616
-0.0796253
-0.0817087
-0.0836803
-0.0855072
-0.0871553
-0.0885893
-0.0897725
-0.0906674
-0.0912351
-0.091436
-0.0912295
-0.0905747
-0.08943
-0.087754
-0.0855053
-0.0826434
-0.0791286
-0.0749231
-0.069991
-0.0642996
-0.0578201
-0.0505286
-0.0424073
-0.0334461
-0.0236452
-0.0130171
-0.00159056
0.0105845
0.0234307
0.0368353
0.0506396
0.0646282
0.078517
0.0919459
0.104478
0.11561
0.124798
0.131509
0.135333
0.135962
0.132416
0.124183
-0.0837206
-0.0884914
-0.0911566
-0.0920099
-0.0916046
-0.0901341
-0.0878099
-0.0848729
-0.0815448
-0.0780153
-0.0744418
-0.0709495
-0.0676348
-0.0645688
-0.0618016
-0.0593661
-0.0572817
-0.0555572
-0.0541933
-0.0531847
-0.0525215
-0.0521907
-0.0521768
-0.0524626
-0.0530297
-0.0538587
-0.0549297
-0.0562219
-0.0577141
-0.0593845
-0.0612107
-0.0631697
-0.0652377
-0.0673899
-0.069601
-0.0718443
-0.0740924
-0.0763166
-0.0784869
-0.0805723
-0.0825405
-0.0843577
-0.085989
-0.0873981
-0.0885475
-0.0893986
-0.0899115
-0.0900453
-0.0897582
-0.0890078
-0.087751
-0.0859446
-0.0835452
-0.08051
-0.0767968
-0.0723647
-0.0671747
-0.0611902
-0.0543779
-0.0467086
-0.0381588
-0.0287116
-0.0183592
-0.0071049
0.00503281
0.0180158
0.0317797
0.0462247
0.0612048
0.0765134
0.0918683
0.106898
0.121137
0.134025
0.144936
0.153222
0.158351
0.159873
0.156579
0.147825
-0.0904325
-0.0962194
-0.0992122
-0.0998427
-0.0988904
-0.096665
-0.0934726
-0.0896328
-0.0854227
-0.0810674
-0.076744
-0.0725867
-0.0686931
-0.065131
-0.0619442
-0.0591582
-0.0567842
-0.0548233
-0.0532688
-0.0521088
-0.0513274
-0.0509062
-0.0508253
-0.0510636
-0.0515991
-0.0524096
-0.0534726
-0.0547652
-0.0562643
-0.0579465
-0.0597877
-0.0617638
-0.0638498
-0.0660199
-0.0682477
-0.0705059
-0.0727659
-0.0749985
-0.0771728
-0.0792571
-0.0812182
-0.0830217
-0.0846318
-0.0860115
-0.0871223
-0.0879247
-0.0883777
-0.0884393
-0.0880666
-0.0872157
-0.085842
-0.0839003
-0.0813455
-0.0781323
-0.0742158
-0.069552
-0.0640983
-0.0578137
-0.0506601
-0.0426023
-0.0336099
-0.0236579
-0.0127289
-0.000814936
0.0120786
0.0259288
0.0406881
0.0562757
0.0725641
0.089363
0.1064
0.1233
0.139569
0.154591
0.167639
0.17793
0.184768
0.187508
0.18462
0.175248
-0.098748
-0.10579
-0.109065
-0.109239
-0.107433
-0.104134
-0.0997765
-0.094778
-0.0894778
-0.0841351
-0.0789419
-0.0740345
-0.0695053
-0.065412
-0.0617871
-0.0586438
-0.055982
-0.0537921
-0.0520581
-0.0507595
-0.0498737
-0.0493761
-0.0492417
-0.0494449
-0.0499605
-0.0507629
-0.0518272
-0.0531281
-0.0546408
-0.0563401
-0.0582008
-0.0601974
-0.0623037
-0.0644932
-0.0667385
-0.0690114
-0.0712828
-0.0735224
-0.075699
-0.07778
-0.0797317
-0.0815187
-0.0831048
-0.0844521
-0.0855214
-0.0862722
-0.0866627
-0.0866499
-0.0861896
-0.0852365
-0.0837448
-0.0816674
-0.0789572
-0.0755665
-0.0714478
-0.0665537
-0.0608378
-0.0542545
-0.04676
-0.0383127
-0.0288743
-0.0184102
-0.00689151
0.00570319
0.0193849
0.0341501
0.0499738
0.0668006
0.0845308
0.103001
0.121962
0.141046
0.159744
0.177382
0.193125
0.206016
0.215146
0.219603
0.217384
0.207281
-0.109341
-0.117917
-0.121327
-0.12064
-0.117511
-0.112682
-0.10676
-0.100278
-0.0936376
-0.0871244
-0.080934
-0.0751934
-0.0699789
-0.0653297
-0.0612594
-0.0577636
-0.0548265
-0.0524247
-0.0505305
-0.0491138
-0.0481436
-0.0475887
-0.0474186
-0.0476032
-0.0481134
-0.0489207
-0.0499973
-0.0513163
-0.0528507
-0.0545739
-0.0564596
-0.0584809
-0.060611
-0.0628223
-0.0650866
-0.0673752
-0.0696582
-0.0719049
-0.0740832
-0.0761602
-0.0781014
-0.079871
-0.0814322
-0.0827463
-0.0837735
-0.0844726
-0.084801
-0.0847146
-0.0841684
-0.0831158
-0.0815095
-0.079301
-0.076441
-0.0728797
-0.0685668
-0.0634516
-0.0574836
-0.0506124
-0.0427884
-0.0339627
-0.024088
-0.0131192
-0.00101397
0.0122652
0.0267491
0.0424581
0.0593966
0.0775432
0.0968376
0.11716
0.1383
0.159922
0.181521
0.202384
0.221556
0.237879
0.250159
0.25711
0.256026
0.245097
-0.123257
-0.133653
-0.136833
-0.134594
-0.129415
-0.122409
-0.114395
-0.106025
-0.0977542
-0.0898731
-0.0825605
-0.0759157
-0.0699833
-0.064772
-0.0602673
-0.0564406
-0.0532556
-0.050672
-0.0486481
-0.0471427
-0.0461158
-0.0455292
-0.0453464
-0.0455328
-0.0460555
-0.0468833
-0.047986
-0.0493344
-0.0509003
-0.0526558
-0.0545732
-0.0566249
-0.0587832
-0.0610199
-0.0633061
-0.0656126
-0.067909
-0.070164
-0.0723453
-0.0744192
-0.076351
-0.0781045
-0.0796422
-0.080925
-0.0819126
-0.0825632
-0.0828334
-0.0826785
-0.0820523
-0.0809076
-0.0791955
-0.0768661
-0.0738685
-0.0701505
-0.0656593
-0.0603408
-0.0541407
-0.0470035
-0.0388734
-0.0296941
-0.0194087
-0.00796025
0.00470826
0.0186529
0.0339277
0.050582
0.068656
0.088173
0.109126
0.131458
0.155026
0.17956
0.204599
0.229423
0.252983
0.27389
0.290591
0.301267
0.302169
0.290438
-0.142189
-0.154578
-0.156715
-0.151741
-0.143403
-0.133314
-0.122521
-0.111781
-0.101561
-0.0921189
-0.0835809
-0.0759905
-0.0693396
-0.0635906
-0.0586902
-0.0545784
-0.0511933
-0.0484747
-0.0463653
-0.044812
-0.0437651
-0.0431793
-0.0430125
-0.0432257
-0.0437828
-0.0446498
-0.0457945
-0.0471862
-0.0487953
-0.0505928
-0.0525503
-0.0546394
-0.0568319
-0.0590991
-0.0614117
-0.0637399
-0.0660532
-0.0683199
-0.0705074
-0.0725817
-0.0745078
-0.0762491
-0.0777679
-0.0790247
-0.0799788
-0.0805879
-0.0808081
-0.0805942
-0.0798993
-0.0786752
-0.076872
-0.0744386
-0.0713224
-0.0674694
-0.0628242
-0.0573298
-0.0509279
-0.0435583
-0.0351592
-0.0256663
-0.0150133
-0.00313051
0.0100547
0.0246186
0.0406412
0.0582052
0.0773936
0.0982846
0.120941
0.145391
0.171596
0.199398
0.228444
0.258083
0.287234
0.3143
0.3373
0.353681
0.358153
0.346035
-0.169054
-0.183104
-0.182456
-0.172737
-0.159573
-0.145163
-0.130743
-0.117094
-0.104615
-0.0934603
-0.0836493
-0.07513
-0.0678139
-0.061599
-0.0563816
-0.0520628
-0.0485515
-0.0457656
-0.0436315
-0.0420835
-0.0410633
-0.0405187
-0.0404027
-0.0406727
-0.0412897
-0.0422177
-0.0434231
-0.044874
-0.0465398
-0.0483911
-0.0503988
-0.0525343
-0.0547687
-0.0570734
-0.0594188
-0.0617749
-0.064111
-0.0663953
-0.0685949
-0.070676
-0.0726031
-0.0743398
-0.0758479
-0.0770879
-0.0780188
-0.0785981
-0.0787815
-0.0785234
-0.0777764
-0.0764917
-0.0746185
-0.0721048
-0.0688966
-0.0649383
-0.0601723
-0.054539
-0.0479766
-0.0404204
-0.0318028
-0.0220524
-0.0110931
0.00115682
0.0147861
0.0298919
0.0465817
0.0649743
0.085201
0.107404
0.131731
0.158321
0.18728
0.218627
0.252208
0.287566
0.323736
0.359041
0.391076
0.416356
0.427408
0.416447
-0.209183
-0.22294
-0.215828
-0.198006
-0.177591
-0.157263
-0.138249
-0.121176
-0.106218
-0.0933115
-0.0822923
-0.0729608
-0.0651169
-0.0585757
-0.0531731
-0.0487667
-0.0452347
-0.042473
-0.0403925
-0.0389169
-0.0379803
-0.037525
-0.0375005
-0.0378617
-0.0385679
-0.0395818
-0.0408692
-0.0423975
-0.0441359
-0.0460548
-0.0481249
-0.0503177
-0.0526042
-0.0549558
-0.0573429
-0.0597357
-0.0621034
-0.0644143
-0.0666355
-0.0687333
-0.0706722
-0.0724157
-0.0739258
-0.0751629
-0.0760859
-0.0766522
-0.0768174
-0.0765357
-0.0757595
-0.0744393
-0.0725241
-0.069961
-0.0666951
-0.0626694
-0.0578247
-0.0520992
-0.045428
-0.0377428
-0.028971
-0.0190345
-0.00784883
0.00467915
0.0186531
0.0341902
0.0514249
0.0705126
0.0916346
0.115003
0.14086
0.169482
0.201156
0.236149
0.274629
0.316517
0.361226
0.407317
0.452236
0.491526
0.514929
0.50962
-0.272562
-0.279632
-0.258554
-0.227227
-0.196237
-0.168115
-0.143598
-0.122784
-0.105366
-0.090896
-0.0789244
-0.0690497
-0.0609319
-0.0542907
-0.0488981
-0.0445697
-0.0411554
-0.038533
-0.0366017
-0.0352776
-0.03449
-0.0341786
-0.0342912
-0.0347818
-0.0356093
-0.0367367
-0.0381295
-0.0397556
-0.0415846
-0.0435871
-0.0457342
-0.0479976
-0.0503489
-0.0527595
-0.0552004
-0.0576419
-0.0600535
-0.0624036
-0.0646599
-0.0667884
-0.0687542
-0.0705208
-0.0720504
-0.0733035
-0.0742392
-0.0748149
-0.0749864
-0.0747077
-0.0739311
-0.0726072
-0.0706846
-0.06811
-0.0648279
-0.0607804
-0.0559072
-0.0501448
-0.0434261
-0.0356801
-0.0268301
-0.0167929
-0.00547705
0.00721983
0.021414
0.0372399
0.0548556
0.0744499
0.0962512
0.120539
0.147657
0.178023
0.212143
0.250597
0.294002
0.342894
0.397472
0.457158
0.519995
0.581084
0.62745
0.639002
-0.378086
-0.360803
-0.311644
-0.258878
-0.213124
-0.175313
-0.144758
-0.120365
-0.10094
-0.0854393
-0.0730282
-0.0630618
-0.0550491
-0.0486183
-0.0434865
-0.0394369
-0.0363012
-0.033947
-0.0322684
-0.0311795
-0.030609
-0.0304972
-0.0307928
-0.0314511
-0.0324324
-0.0337006
-0.0352227
-0.0369676
-0.0389059
-0.041009
-0.0432489
-0.045598
-0.0480286
-0.0505128
-0.0530219
-0.0555268
-0.0579974
-0.0604028
-0.0627107
-0.0648878
-0.0668993
-0.0687092
-0.0702799
-0.0715723
-0.0725457
-0.0731577
-0.0733644
-0.07312
-0.072377
-0.0710859
-0.0691954
-0.066652
-0.0634001
-0.0593815
-0.0545351
-0.0487965
-0.0420975
-0.0343649
-0.0255199
-0.0154758
-0.00413643
0.00860697
0.0228795
0.0388279
0.056628
0.0764938
0.0986917
0.123558
0.151524
0.183148
0.219156
0.260483
0.308311
0.364054
0.429236
0.505154
0.591869
0.685579
0.773171
0.827004
-0.568982
-0.475227
-0.371454
-0.28745
-0.223088
-0.174723
-0.138802
-0.112008
-0.0917614
-0.0762501
-0.0642215
-0.0548039
-0.0473872
-0.0415404
-0.0369537
-0.0334004
-0.0307106
-0.0287544
-0.0274303
-0.0266571
-0.0263683
-0.0265085
-0.0270303
-0.0278924
-0.029058
-0.0304936
-0.0321683
-0.0340529
-0.0361197
-0.0383414
-0.0406915
-0.0431432
-0.0456699
-0.0482443
-0.0508389
-0.053425
-0.0559733
-0.0584533
-0.0608334
-0.0630807
-0.065161
-0.0670386
-0.0686765
-0.0700359
-0.0710765
-0.0717564
-0.0720319
-0.0718577
-0.0711864
-0.0699691
-0.0681545
-0.0656895
-0.0625184
-0.0585832
-0.0538227
-0.0481726
-0.0415641
-0.0339236
-0.0251712
-0.0152192
-0.00396949
0.00868932
0.0228862
0.0387734
0.0565352
0.0763986
0.0986503
0.12366
0.151917
0.184077
0.221042
0.264069
0.314928
0.376095
0.451007
0.544188
0.660034
0.799894
0.962611
1.1231
-0.962616
-0.625318
-0.409771
-0.287844
-0.208422
-0.154559
-0.118085
-0.0927783
-0.0745794
-0.0611019
-0.0509006
-0.0430562
-0.0369692
-0.0322394
-0.0285917
-0.0258307
-0.0238136
-0.0224323
-0.0216032
-0.0212594
-0.0213459
-0.0218166
-0.0226315
-0.0237553
-0.0251563
-0.0268052
-0.0286743
-0.0307376
-0.0329694
-0.0353447
-0.0378387
-0.0404262
-0.0430819
-0.0457798
-0.0484933
-0.0511948
-0.0538557
-0.0564465
-0.0589362
-0.0612927
-0.0634823
-0.0654701
-0.0672195
-0.0686924
-0.069849
-0.0706479
-0.071046
-0.0709984
-0.0704583
-0.0693771
-0.0677044
-0.0653873
-0.0623709
-0.0585977
-0.0540072
-0.0485356
-0.0421152
-0.0346734
-0.0261314
-0.0164029
-0.00539161
0.00701152
0.0209325
0.0365198
0.0539527
0.0734523
0.095298
0.119852
0.147598
0.179197
0.215585
0.258129
0.308896
0.371127
0.450105
0.554454
0.696404
0.894521
1.20126
1.64964
-1.67244
-0.773177
-0.370143
-0.222227
-0.147599
-0.103047
-0.0760927
-0.0589167
-0.0470879
-0.0384609
-0.0319482
-0.026935
-0.0230505
-0.0200604
-0.0178084
-0.016184
-0.0151054
-0.0145095
-0.0143456
-0.0145716
-0.0151515
-0.0160536
-0.0172493
-0.0187125
-0.0204186
-0.022344
-0.024466
-0.0267624
-0.0292109
-0.0317894
-0.0344753
-0.0372457
-0.0400769
-0.0429447
-0.0458237
-0.0486877
-0.0515094
-0.0542601
-0.0569099
-0.0594276
-0.0617804
-0.0639341
-0.0658529
-0.0674994
-0.0688345
-0.0698176
-0.070406
-0.0705558
-0.0702207
-0.069353
-0.0679028
-0.0658184
-0.0630456
-0.0595282
-0.0552069
-0.0500196
-0.0439006
-0.0367798
-0.0285816
-0.0192239
-0.0086161
0.0033436
0.0167712
0.0318017
0.0485956
0.0673476
0.0883001
0.111762
0.138139
0.16798
0.202053
0.241489
0.28804
0.34464
0.416692
0.514951
0.660971
0.907593
1.4294
2.4511
)
;

boundaryField
{
    movingWall
    {
        type            zeroGradient;
    }
    fixedWalls
    {
        type            zeroGradient;
    }
    frontAndBack
    {
        type            empty;
    }
}


// ************************************************************************* //
