/*--------------------------------*- C++ -*----------------------------------*\
| =========                 |                                                 |
| \\      /  F ield         | OpenFOAM: The Open Source CFD Toolbox           |
|  \\    /   O peration     | Version:  2506                                  |
|   \\  /    A nd           | Website:  www.openfoam.com                      |
|    \\/     M anipulation  |                                                 |
\*---------------------------------------------------------------------------*/
FoamFile
{
    version     2.0;
    format      ascii;
    arch        "LSB;label=32;scalar=64";
    class       volScalarField;
    location    "10";
    object      initialResidual:Ux;
}
// * * * * * * * * * * * * * * * * * * * * * * * * * * * * * * * * * * * * * //

dimensions      [0 0 0 0 0 0 0];

internalField   nonuniform List<scalar> 
400
(
6.58039e-20
4.06576e-20
4.06576e-20
1.35525e-20
2.71051e-20
0
2.71051e-20
-6.77626e-21
1.35525e-20
1.35525e-20
-1.35525e-20
2.71051e-20
-6.77626e-21
3.38813e-20
6.77626e-21
-2.71051e-20
-2.71051e-20
3.38813e-20
2.03288e-20
0
2.02229e-20
1.35525e-20
1.35525e-20
-6.77626e-21
0
-6.77626e-21
2.03288e-20
2.71051e-20
2.71051e-20
2.03288e-20
0
6.77626e-21
-6.77626e-21
-6.77626e-21
0
6.77626e-21
-2.71051e-20
-1.35525e-20
6.77626e-21
2.71051e-20
-3.01755e-21
1.35525e-20
3.38813e-20
-1.35525e-20
0
2.03288e-20
2.03288e-20
2.71051e-20
-2.03288e-20
4.74338e-20
-6.77626e-21
1.35525e-20
0
-2.03288e-20
-2.71051e-20
3.38813e-20
0
-3.38813e-20
0
-1.35525e-20
8.84091e-21
0
3.38813e-20
2.03288e-20
0
-6.77626e-21
6.77626e-21
6.77626e-21
2.03288e-20
6.77626e-21
0
-1.35525e-20
2.03288e-20
0
-6.77626e-21
-6.77626e-21
-1.35525e-20
1.35525e-20
-6.77626e-21
0
7.57036e-21
6.77626e-21
0
6.77626e-21
6.77626e-21
6.77626e-21
0
3.38813e-20
6.77626e-21
-6.77626e-21
0
3.38813e-20
2.03288e-20
-1.35525e-20
0
-1.35525e-20
-6.77626e-21
-1.35525e-20
-6.77626e-21
0
2.73168e-20
-6.77626e-21
1.35525e-20
-6.77626e-21
-1.35525e-20
0
-3.38813e-20
3.38813e-20
0
0
4.06576e-20
-6.77626e-21
6.77626e-21
-2.71051e-20
1.35525e-20
0
6.77626e-21
2.03288e-20
-1.35525e-20
-2.71051e-20
-8.84091e-21
0
0
1.35525e-20
0
6.77626e-21
-6.77626e-21
1.35525e-20
-1.35525e-20
4.06576e-20
2.03288e-20
-2.03288e-20
3.38813e-20
1.35525e-20
-3.38813e-20
0
6.77626e-21
1.35525e-20
6.77626e-21
-4.06576e-20
1.32349e-20
1.35525e-20
-6.77626e-21
-6.77626e-21
-6.77626e-21
-1.35525e-20
-1.35525e-20
0
0
-1.35525e-20
4.06576e-20
-6.77626e-21
-6.77626e-21
6.77626e-21
6.77626e-21
6.77626e-21
-6.77626e-21
0
-6.77626e-21
0
1.49819e-20
-1.35525e-20
-1.35525e-20
0
0
6.77626e-21
0
0
6.77626e-21
-3.38813e-20
3.38813e-20
-6.77626e-21
6.77626e-21
1.35525e-20
0
0
-6.77626e-21
4.06576e-20
0
-1.35525e-20
-3.35637e-20
6.77626e-21
0
2.71051e-20
-1.35525e-20
6.77626e-21
-1.35525e-20
2.03288e-20
1.35525e-20
2.71051e-20
1.35525e-20
1.35525e-20
6.77626e-21
-6.77626e-21
6.77626e-21
0
3.38813e-20
0
-4.06576e-20
4.06576e-20
-5.02926e-20
2.71051e-20
0
0
-1.35525e-20
-2.71051e-20
1.35525e-20
6.77626e-21
4.06576e-20
0
1.35525e-20
1.35525e-20
-2.03288e-20
0
6.77626e-21
-2.03288e-20
0
-6.77626e-21
-6.77626e-21
0
6.72332e-21
0
-1.35525e-20
1.35525e-20
-6.77626e-21
1.35525e-20
1.35525e-20
0
6.77626e-21
-6.77626e-21
3.38813e-20
0
0
-2.03288e-20
0
-2.03288e-20
1.35525e-20
1.35525e-20
6.77626e-21
-1.35525e-20
1.56172e-21
-6.77626e-21
0
1.35525e-20
0
0
6.77626e-21
-1.35525e-20
6.77626e-21
-2.71051e-20
2.71051e-20
-2.03288e-20
2.71051e-20
0
0
-2.03288e-20
2.03288e-20
-2.71051e-20
-1.35525e-20
4.06576e-20
2.74756e-20
2.03288e-20
-6.77626e-21
-2.03288e-20
1.35525e-20
6.77626e-21
0
-1.35525e-20
0
-2.03288e-20
-6.77626e-21
2.03288e-20
-6.77626e-21
0
1.35525e-20
-1.35525e-20
6.77626e-21
-2.71051e-20
0
-1.35525e-20
-1.55113e-20
1.35525e-20
-6.77626e-21
2.71051e-20
-2.71051e-20
-2.71051e-20
-2.03288e-20
-2.71051e-20
-1.35525e-20
2.71051e-20
0
1.35525e-20
2.03288e-20
6.77626e-21
-1.35525e-20
1.35525e-20
2.03288e-20
-1.35525e-20
-1.35525e-20
1.35525e-20
-4.2881e-20
3.38813e-20
-3.38813e-20
-6.77626e-21
-6.77626e-21
-2.03288e-20
0
-3.38813e-20
1.35525e-20
4.06576e-20
6.77626e-21
2.03288e-20
-6.77626e-21
-6.77626e-21
-6.77626e-21
2.71051e-20
-1.35525e-20
1.35525e-20
-1.35525e-20
0
1.54584e-20
-1.35525e-20
-1.35525e-20
0
-1.35525e-20
-2.71051e-20
6.77626e-21
2.03288e-20
-6.77626e-21
-2.71051e-20
2.71051e-20
0
3.38813e-20
6.77626e-21
-2.03288e-20
6.77626e-21
0
-2.03288e-20
-1.35525e-20
1.35525e-20
4.00223e-20
-4.74338e-20
2.03288e-20
2.03288e-20
6.77626e-21
6.77626e-21
-2.03288e-20
6.77626e-21
0
2.71051e-20
6.77626e-21
6.77626e-21
-6.77626e-21
6.77626e-21
0
1.35525e-20
-6.77626e-21
0
-1.35525e-20
-1.35525e-20
-1.33408e-20
2.03288e-20
0
-3.38813e-20
-2.03288e-20
0
-2.71051e-20
0
0
6.77626e-21
2.71051e-20
1.35525e-20
-4.06576e-20
1.35525e-20
6.77626e-21
0
0
1.35525e-20
6.77626e-21
-1.35525e-20
-1.35525e-20
6.77626e-21
-2.03288e-20
2.03288e-20
-2.03288e-20
2.03288e-20
6.77626e-21
2.03288e-20
-2.03288e-20
-6.77626e-21
1.35525e-20
2.71051e-20
6.77626e-21
2.71051e-20
1.35525e-20
0
-6.77626e-21
-3.38813e-20
1.35525e-20
2.71051e-20
)
;

boundaryField
{
    movingWall
    {
        type            zeroGradient;
    }
    fixedWalls
    {
        type            zeroGradient;
    }
    frontAndBack
    {
        type            empty;
    }
}


// ************************************************************************* //
