/*--------------------------------*- C++ -*----------------------------------*\
| =========                 |                                                 |
| \\      /  F ield         | OpenFOAM: The Open Source CFD Toolbox           |
|  \\    /   O peration     | Version:  2506                                  |
|   \\  /    A nd           | Website:  www.openfoam.com                      |
|    \\/     M anipulation  |                                                 |
\*---------------------------------------------------------------------------*/
FoamFile
{
    version     2.0;
    format      ascii;
    arch        "LSB;label=32;scalar=64";
    class       volScalarField;
    location    "10";
    object      turbulenceProperties:L;
}
// * * * * * * * * * * * * * * * * * * * * * * * * * * * * * * * * * * * * * //

dimensions      [0 1 0 0 0 0 0];

internalField   nonuniform List<scalar> 
400
(
0.00102314
0.00102314
0.00102314
0.00102314
0.00102314
0.00102314
0.00102314
0.00102314
0.00102314
0.00102314
0.00102314
0.00102314
0.00102314
0.00102314
0.00102314
0.00102314
0.00102314
0.00102314
0.00102314
0.00102314
0.00102312
0.00103262
0.00103177
0.00103142
0.00103073
0.00103037
0.00102968
0.00102931
0.00102863
0.00102826
0.00102757
0.0010272
0.00102651
0.00102613
0.00102545
0.00102507
0.00102438
0.00102399
0.00102365
0.00102312
0.00102308
0.00103284
0.00103196
0.00103159
0.00103087
0.0010305
0.00102978
0.00102941
0.00102869
0.00102832
0.0010276
0.00102724
0.00102652
0.00102615
0.00102543
0.00102506
0.00102435
0.00102398
0.00102362
0.00102308
0.00102305
0.00103291
0.00103202
0.00103164
0.00103091
0.00103054
0.00102981
0.00102944
0.00102871
0.00102834
0.00102761
0.00102724
0.00102652
0.00102615
0.00102542
0.00102505
0.00102433
0.00102395
0.0010236
0.00102305
0.00102303
0.00103297
0.00103207
0.0010317
0.00103096
0.00103058
0.00102985
0.00102947
0.00102874
0.00102836
0.00102763
0.00102726
0.00102653
0.00102615
0.00102542
0.00102504
0.00102432
0.00102394
0.00102358
0.00102303
0.00102302
0.00103303
0.00103212
0.00103175
0.001031
0.00103063
0.00102988
0.00102951
0.00102877
0.00102839
0.00102765
0.00102727
0.00102654
0.00102616
0.00102543
0.00102504
0.00102432
0.00102393
0.00102357
0.00102301
0.00102301
0.00103308
0.00103216
0.00103179
0.00103103
0.00103066
0.00102991
0.00102953
0.00102879
0.00102841
0.00102767
0.00102729
0.00102655
0.00102617
0.00102543
0.00102505
0.00102432
0.00102393
0.00102356
0.00102301
0.001023
0.00103311
0.00103219
0.00103181
0.00103106
0.00103068
0.00102993
0.00102955
0.0010288
0.00102843
0.00102768
0.0010273
0.00102656
0.00102618
0.00102544
0.00102505
0.00102432
0.00102393
0.00102356
0.00102301
0.001023
0.00103313
0.00103221
0.00103183
0.00103108
0.0010307
0.00102995
0.00102957
0.00102882
0.00102844
0.00102769
0.00102731
0.00102657
0.00102618
0.00102544
0.00102505
0.00102432
0.00102393
0.00102356
0.001023
0.001023
0.00103314
0.00103222
0.00103184
0.00103109
0.00103071
0.00102996
0.00102957
0.00102883
0.00102844
0.0010277
0.00102731
0.00102657
0.00102618
0.00102544
0.00102506
0.00102432
0.00102393
0.00102356
0.001023
0.001023
0.00103315
0.00103223
0.00103185
0.0010311
0.00103071
0.00102996
0.00102958
0.00102883
0.00102845
0.0010277
0.00102732
0.00102657
0.00102619
0.00102545
0.00102506
0.00102432
0.00102393
0.00102356
0.001023
0.001023
0.00103316
0.00103224
0.00103186
0.0010311
0.00103072
0.00102997
0.00102959
0.00102884
0.00102845
0.00102771
0.00102732
0.00102658
0.00102619
0.00102545
0.00102506
0.00102432
0.00102393
0.00102356
0.001023
0.001023
0.00103317
0.00103224
0.00103187
0.00103111
0.00103073
0.00102997
0.00102959
0.00102884
0.00102846
0.00102771
0.00102733
0.00102657
0.00102619
0.00102545
0.00102506
0.00102432
0.00102393
0.00102356
0.001023
0.001023
0.00103318
0.00103225
0.00103187
0.00103111
0.00103073
0.00102998
0.0010296
0.00102884
0.00102846
0.00102771
0.00102733
0.00102658
0.0010262
0.00102545
0.00102506
0.00102432
0.00102393
0.00102356
0.001023
0.001023
0.00103319
0.00103226
0.00103188
0.00103112
0.00103074
0.00102998
0.0010296
0.00102885
0.00102846
0.00102771
0.00102733
0.00102658
0.00102619
0.00102545
0.00102506
0.00102432
0.00102393
0.00102356
0.001023
0.00102299
0.00103319
0.00103227
0.00103188
0.00103113
0.00103074
0.00102999
0.0010296
0.00102885
0.00102846
0.00102772
0.00102733
0.00102658
0.00102619
0.00102545
0.00102506
0.00102432
0.00102392
0.00102356
0.00102299
0.00102299
0.0010332
0.00103227
0.00103189
0.00103113
0.00103075
0.00102999
0.00102961
0.00102885
0.00102847
0.00102771
0.00102733
0.00102658
0.0010262
0.00102545
0.00102506
0.00102432
0.00102392
0.00102356
0.00102299
0.00102299
0.0010332
0.00103228
0.0010319
0.00103113
0.00103075
0.00102999
0.00102961
0.00102885
0.00102847
0.00102772
0.00102733
0.00102658
0.0010262
0.00102545
0.00102506
0.00102432
0.00102392
0.00102355
0.00102299
0.00102299
0.00103302
0.00103212
0.00103175
0.00103101
0.00103065
0.0010299
0.00102953
0.00102879
0.00102842
0.00102768
0.0010273
0.00102656
0.00102618
0.00102544
0.00102505
0.00102432
0.00102391
0.00102355
0.00102299
0.00102299
0.00102299
0.00102299
0.00102299
0.00102299
0.00102299
0.00102299
0.00102299
0.00102299
0.00102299
0.00102299
0.00102299
0.00102299
0.00102299
0.00102299
0.00102299
0.00102299
0.00102299
0.00102299
0.00102299
)
;

boundaryField
{
    movingWall
    {
        type            calculated;
        value           nonuniform List<scalar> 
20
(
0.00102299
0.00102299
0.00102299
0.00102299
0.00102299
0.00102299
0.00102299
0.00102299
0.00102299
0.00102299
0.00102299
0.00102299
0.00102299
0.00102299
0.00102299
0.00102299
0.00102299
0.00102299
0.00102299
0.00102299
)
;
    }
    fixedWalls
    {
        type            calculated;
        value           nonuniform List<scalar> 
60
(
0.00102314
0.00102312
0.00102308
0.00102305
0.00102303
0.00102302
0.00102301
0.001023
0.001023
0.001023
0.001023
0.001023
0.001023
0.001023
0.001023
0.00102299
0.00102299
0.00102299
0.00102299
0.00102299
0.00102314
0.00102312
0.00102308
0.00102305
0.00102303
0.00102301
0.00102301
0.00102301
0.001023
0.001023
0.001023
0.001023
0.001023
0.001023
0.001023
0.00102299
0.00102299
0.00102299
0.00102299
0.00102299
0.00102314
0.00102314
0.00102314
0.00102314
0.00102314
0.00102314
0.00102314
0.00102314
0.00102314
0.00102314
0.00102314
0.00102314
0.00102314
0.00102314
0.00102314
0.00102314
0.00102314
0.00102314
0.00102314
0.00102314
)
;
    }
    frontAndBack
    {
        type            empty;
    }
}


// ************************************************************************* //
