/*--------------------------------*- C++ -*----------------------------------*\
| =========                 |                                                 |
| \\      /  F ield         | OpenFOAM: The Open Source CFD Toolbox           |
|  \\    /   O peration     | Version:  2506                                  |
|   \\  /    A nd           | Website:  www.openfoam.com                      |
|    \\/     M anipulation  |                                                 |
\*---------------------------------------------------------------------------*/
FoamFile
{
    version     2.0;
    format      ascii;
    arch        "LSB;label=32;scalar=64";
    class       volScalarField;
    location    "1.975";
    object      p;
}
// * * * * * * * * * * * * * * * * * * * * * * * * * * * * * * * * * * * * * //

dimensions      [0 2 -2 0 0 0 0];

internalField   nonuniform List<scalar> 
6400
(
1.83947e-06
-3.55896e-07
-6.40665e-05
-0.000186167
-0.000351511
-0.000546702
-0.000760115
-0.000981897
-0.00120399
-0.00141996
-0.00162475
-0.00181445
-0.00198604
-0.00213727
-0.00226646
-0.00237238
-0.00245415
-0.00251116
-0.00254299
-0.00254936
-0.00253009
-0.00248507
-0.00241422
-0.00231754
-0.00219506
-0.00204688
-0.00187311
-0.00167399
-0.00144983
-0.00120105
-0.000928227
-0.000632093
-0.000313557
2.62669e-05
0.000386045
0.000764208
0.00115894
0.00156818
0.00198961
0.00242065
0.00285848
0.00330007
0.00374219
0.00418139
0.00461413
0.00503672
0.00544546
0.00583661
0.00620649
0.00655152
0.0068683
0.00715365
0.00740467
0.00761884
0.00779403
0.00792855
0.00802124
0.00807146
0.00807918
0.00804495
0.00796992
0.0078559
0.00770528
0.00752108
0.00730691
0.00706692
0.00680585
0.00652889
0.00624177
0.00595061
0.005662
0.0053829
0.00512064
0.00488284
0.00467734
0.00451184
0.00439324
0.00432673
0.00431437
0.00434279
6.56571e-06
3.29768e-06
-5.31386e-05
-0.000156693
-0.000295209
-0.000459135
-0.000639627
-0.000828757
-0.00101969
-0.00120674
-0.00138527
-0.00155158
-0.00170273
-0.00183641
-0.00195087
-0.00204475
-0.00211704
-0.002167
-0.0021941
-0.00219792
-0.00217819
-0.0021347
-0.00206735
-0.00197606
-0.00186084
-0.00172176
-0.00155893
-0.00137256
-0.00116297
-0.000930582
-0.000675954
-0.000399795
-0.000102985
0.000213409
0.000548115
0.000899649
0.0012663
0.00164614
0.00203699
0.00243645
0.00284193
0.00325061
0.00365949
0.00406543
0.00446516
0.00485531
0.00523248
0.00559327
0.00593433
0.00625241
0.00654444
0.00680754
0.00703913
0.00723693
0.00739906
0.00752405
0.00761091
0.00765912
0.00766873
0.00764032
0.00757503
0.00747457
0.00734122
0.00717779
0.00698765
0.00677466
0.00654316
0.00629793
0.00604418
0.00578745
0.00553362
0.00528886
0.0050595
0.00485199
0.00467272
0.00452767
0.00442175
0.0043585
0.00434251
0.00437114
7.1061e-05
5.97729e-05
2.8409e-06
-9.29092e-05
-0.00021745
-0.000363255
-0.000523299
-0.00069104
-0.000860698
-0.00102734
-0.00118683
-0.0013358
-0.00147148
-0.00159167
-0.00169465
-0.00177906
-0.00184386
-0.00188825
-0.00191163
-0.00191353
-0.00189362
-0.00185166
-0.00178747
-0.00170095
-0.00159209
-0.0014609
-0.00130748
-0.00113204
-0.000934861
-0.000716337
-0.000477
-0.000217523
6.12602e-05
0.000358338
0.000672509
0.00100237
0.00134631
0.0017025
0.00206892
0.0024433
0.00282321
0.00320602
0.00358893
0.00396898
0.00434314
0.00470826
0.00506118
0.00539872
0.00571779
0.00601536
0.00628859
0.00653481
0.00675165
0.00693702
0.0070892
0.00720687
0.00728912
0.00733556
0.00734625
0.0073218
0.00726332
0.00717246
0.00705139
0.00690277
0.00672977
0.00653601
0.00632554
0.0061028
0.00587257
0.00563994
0.00541025
0.005189
0.00498182
0.0047943
0.00463193
0.00449976
0.00440187
0.00434156
0.00432613
0.00435928
0.000194566
0.000163821
9.76097e-05
8.79021e-07
-0.000119262
-0.000256572
-0.00040522
-0.000559791
-0.00071544
-0.000867955
-0.00101376
-0.00114985
-0.00127377
-0.00138351
-0.00147746
-0.00155434
-0.00161316
-0.00165313
-0.00167364
-0.00167421
-0.00165447
-0.00161416
-0.00155307
-0.00147108
-0.00136812
-0.0012442
-0.00109938
-0.000933816
-0.000747767
-0.000541588
-0.000315765
-7.0917e-05
0.00019218
0.000472579
0.000769154
0.00108059
0.00140536
0.00174177
0.00208788
0.00244157
0.00280055
0.00316232
0.00352424
0.00388352
0.00423728
0.00458255
0.00491633
0.00523563
0.0055375
0.0058191
0.00607772
0.00631087
0.00651628
0.006692
0.00683642
0.0069483
0.00702681
0.00707159
0.00708275
0.00706087
0.00700705
0.00692287
0.0068104
0.00667221
0.00651129
0.00633107
0.00613535
0.00592831
0.00571438
0.00549827
0.00528488
0.00507923
0.00488637
0.0047113
0.00455891
0.00443376
0.00433961
0.00427986
0.0042629
0.00429452
0.000363449
0.000304077
0.000221726
0.000118125
-3.42331e-06
-0.000137819
-0.000280229
-0.000426286
-0.000572034
-0.000713978
-0.000849106
-0.000974866
-0.00108912
-0.00119012
-0.00127645
-0.00134695
-0.00140072
-0.001437
-0.00145523
-0.00145494
-0.00143575
-0.00139739
-0.00133963
-0.00126232
-0.00116536
-0.00104871
-0.000912417
-0.00075658
-0.000581406
-0.000387203
-0.000174398
5.64539e-05
0.000304644
0.000569303
0.000849388
0.00114367
0.00145074
0.00176899
0.0020966
0.00243158
0.00277174
0.00311473
0.00345804
0.00379902
0.00413491
0.0044629
0.00478011
0.0050837
0.00537083
0.00563878
0.00588498
0.00610702
0.00630275
0.0064703
0.00660811
0.00671501
0.00679022
0.0068334
0.00684466
0.00682458
0.00677421
0.00669508
0.00658919
0.00645897
0.00630729
0.00613741
0.00595291
0.00575771
0.00555598
0.00535208
0.00515052
0.0049559
0.00477279
0.00460573
0.00445909
0.00433702
0.00424303
0.00418052
0.00415735
0.00417914
0.000565295
0.000471549
0.000368029
0.000252884
0.000125226
-1.085e-05
-0.000151369
-0.000292927
-0.000432406
-0.000566998
-0.000694262
-0.000812103
-0.000918755
-0.00101276
-0.00109292
-0.00115825
-0.00120796
-0.0012414
-0.00125803
-0.00125743
-0.00123925
-0.0012032
-0.00114904
-0.00107659
-0.000985737
-0.000876391
-0.000748545
-0.00060226
-0.000437683
-0.00025506
-5.47457e-05
0.000162773
0.000396869
0.000646756
0.000911483
0.00118992
0.00148075
0.00178248
0.00209339
0.0024116
0.00273505
0.00306149
0.00338852
0.00371361
0.00403413
0.00434735
0.00465051
0.00494085
0.00521564
0.00547226
0.00570817
0.00592107
0.00610885
0.00626969
0.00640208
0.00650487
0.00657729
0.00661902
0.00663014
0.00661122
0.00656326
0.00648775
0.00638659
0.00626213
0.0061171
0.00595461
0.00577808
0.0055912
0.00539789
0.00520222
0.00500838
0.0048206
0.00464308
0.00447991
0.00433508
0.00421234
0.00411498
0.00404622
0.00401243
0.00401782
0.00078912
0.0006577
0.000529585
0.000399307
0.000261768
0.000120213
-2.21084e-05
-0.000162663
-0.000299106
-0.00042928
-0.000551295
-0.000663523
-0.000764584
-0.000853332
-0.000928818
-0.000990255
-0.00103699
-0.00106848
-0.00108428
-0.00108402
-0.00106736
-0.00103403
-0.000983781
-0.000916422
-0.00083179
-0.00072977
-0.0006103
-0.000473384
-0.000319104
-0.000147633
4.0748e-05
0.000245635
0.000466488
0.000702612
0.000953153
0.00121708
0.00149318
0.00178005
0.00207608
0.00237951
0.00268835
0.00300048
0.00331358
0.00362522
0.00393284
0.0042338
0.00452542
0.00480501
0.00506988
0.00531745
0.00554527
0.00575102
0.00593263
0.0060883
0.00621653
0.00631616
0.00638642
0.00642696
0.00643784
0.0064196
0.00637319
0.00630002
0.00620195
0.00608123
0.00594047
0.00578267
0.00561107
0.00542921
0.00524079
0.00504964
0.00485969
0.00467484
0.00449899
0.00433589
0.00418916
0.00406221
0.00395813
0.0038799
0.00383183
0.0038162
0.00102524
0.000854502
0.000699595
0.000551613
0.000401368
0.000251396
0.000104333
-3.807e-05
-0.000174172
-0.000302428
-0.000421477
-0.00053015
-0.000627459
-0.000712577
-0.000784819
-0.000843605
-0.000888447
-0.000918931
-0.000934701
-0.000935446
-0.000920881
-0.000890741
-0.000844782
-0.000782786
-0.000704563
-0.000609954
-0.000498843
-0.000371172
-0.000226949
-6.62698e-05
0.000110669
0.000303552
0.000511932
0.000735215
0.000972643
0.00122329
0.00148604
0.00175959
0.00204244
0.00233291
0.00262912
0.00292901
0.00323037
0.00353082
0.00382787
0.00411895
0.0044014
0.00467257
0.00492982
0.00517057
0.00539237
0.00559291
0.00577012
0.00592216
0.00604752
0.00614501
0.00621384
0.00625359
0.00626431
0.00624646
0.00620096
0.00612915
0.00603281
0.00591411
0.0057756
0.00562012
0.00545083
0.0052711
0.00508445
0.00489453
0.00470504
0.00451966
0.00434199
0.00417553
0.00402358
0.00388925
0.00377544
0.00368493
0.00361972
0.00357997
0.00126524
0.00105461
0.000871642
0.000704212
0.00053922
0.000378616
0.000224525
7.79978e-05
-5.99725e-05
-0.000188408
-0.000306455
-0.00041339
-0.000508604
-0.000591595
-0.000661939
-0.000719275
-0.000763291
-0.00079371
-0.00081028
-0.00081276
-0.000800908
-0.000774482
-0.000733238
-0.000676942
-0.00060537
-0.000518319
-0.000415615
-0.000297128
-0.00016279
-1.26133e-05
0.000153297
0.000334722
0.000531314
0.000742579
0.000967867
0.00120635
0.00145702
0.00171867
0.00198989
0.0022691
0.0025545
0.0028441
0.00313575
0.00342714
0.00371582
0.00399924
0.00427477
0.00453978
0.00479161
0.00502768
0.00524551
0.00544276
0.00561732
0.00576731
0.00589116
0.00598763
0.00605586
0.00609539
0.0061062
0.00608868
0.00604369
0.0059725
0.00587684
0.00575879
0.0056208
0.00546566
0.00529639
0.00511625
0.00492865
0.00473706
0.00454502
0.00435601
0.00417343
0.00400055
0.00384043
0.00369591
0.00356977
0.0034646
0.00338006
0.00331418
0.00150183
0.00125139
0.00103975
0.000851763
0.000670602
0.00049774
0.000334876
0.000182429
4.07979e-05
-8.95692e-05
-0.000208297
-0.000315086
-0.000409695
-0.000491934
-0.000561644
-0.000618685
-0.000662923
-0.000694223
-0.00071244
-0.000717407
-0.00070893
-0.00068679
-0.000650744
-0.000600541
-0.000535923
-0.000456639
-0.00036245
-0.000253154
-0.000128599
1.12936e-05
0.000166514
0.000336946
0.000522346
0.000722329
0.000936349
0.00116369
0.00140343
0.00165448
0.00191553
0.00218505
0.00246134
0.00274247
0.00302634
0.00331068
0.00359307
0.00387097
0.00414176
0.00440278
0.00465134
0.00488484
0.00510073
0.00529662
0.00547033
0.00561991
0.0057437
0.00584039
0.00590903
0.00594907
0.00596042
0.00594339
0.00589876
0.00582774
0.00573197
0.00561347
0.00547462
0.00531812
0.00514693
0.00496421
0.00477325
0.00457744
0.00438016
0.00418477
0.00399451
0.00381248
0.00364156
0.00348437
0.00334364
0.00322184
0.00311631
0.00302308
0.00172858
0.00143882
0.00119837
0.000989187
0.000790928
0.000604662
0.000431729
0.000271973
0.000125245
-8.50001e-06
-0.000129337
-0.000237365
-0.000332693
-0.000415435
-0.000485689
-0.000543535
-0.000589015
-0.000622137
-0.000642861
-0.000651095
-0.000646692
-0.000629454
-0.000599141
-0.000555483
-0.000498184
-0.000426938
-0.000341443
-0.000241415
-0.000126616
3.12951e-06
0.000147915
0.00030773
0.000482442
0.000671778
0.000875303
0.00109241
0.00132228
0.00156392
0.00181611
0.00207741
0.00234618
0.00262054
0.00289845
0.00317766
0.00345575
0.0037302
0.00399835
0.0042575
0.00450493
0.00473796
0.00495397
0.00515048
0.00532521
0.00547611
0.00560141
0.00569969
0.0057699
0.00581139
0.00582395
0.0058078
0.00576364
0.00569259
0.00559622
0.00547647
0.00533567
0.00517644
0.00500169
0.0048145
0.00461811
0.00441582
0.00421093
0.00400671
0.0038063
0.00361269
0.00342861
0.00325658
0.00309929
0.00295919
0.00283142
0.00271006
0.00193973
0.0016114
0.0013423
0.00111167
0.000895768
0.000695338
0.000511406
0.000343291
0.000190333
5.20281e-05
-7.21162e-05
-0.000182577
-0.000279797
-0.000364178
-0.000436074
-0.00049577
-0.000543484
-0.000579358
-0.000603456
-0.000615757
-0.000616159
-0.000604486
-0.000580493
-0.000543889
-0.000494336
-0.000431473
-0.000354922
-0.00026432
-0.000159334
-3.96855e-05
9.48258e-05
0.000244303
0.000408731
0.00058795
0.000781642
0.000989308
0.00121025
0.00144355
0.00168809
0.00194252
0.00220523
0.00247444
0.0027481
0.003024
0.00329972
0.0035727
0.00384026
0.00409966
0.00434808
0.00458276
0.00480098
0.00500015
0.00517786
0.00533192
0.00546045
0.00556188
0.00563502
0.00567909
0.00569376
0.00567914
0.00563582
0.00556482
0.00546763
0.00534613
0.00520257
0.00503955
0.00485989
0.00466666
0.00446305
0.00425231
0.00403772
0.00382249
0.00360971
0.00340233
0.003203
0.00301416
0.00283859
0.00267878
0.00252774
0.00237775
0.00213005
0.00176405
0.00146672
0.00121463
0.000980849
0.000765798
0.000570234
0.000392985
0.00023292
8.91047e-05
-3.93454e-05
-0.000153263
-0.000253409
-0.000340463
-0.000415017
-0.000477557
-0.000528465
-0.00056801
-0.000596353
-0.000613542
-0.000619515
-0.00061411
-0.000597078
-0.000568098
-0.000526788
-0.000472722
-0.00040545
-0.000324517
-0.000229491
-0.000119987
4.30986e-06
0.000143623
0.000298056
0.000467573
0.000651976
0.000850879
0.00106369
0.00128961
0.0015276
0.00177637
0.0020344
0.00229994
0.00257098
0.0028453
0.00312049
0.00339396
0.00366297
0.00392469
0.00417624
0.00441472
0.00463731
0.00484126
0.00502402
0.00518325
0.00531688
0.00542319
0.00550083
0.00554886
0.00556679
0.0055546
0.00551276
0.00544219
0.00534427
0.0052208
0.00507399
0.00490638
0.00472077
0.0045202
0.00430784
0.00408696
0.00386082
0.00363263
0.00340551
0.00318237
0.0029659
0.0027585
0.00256309
0.00238228
0.0022071
0.00202806
0.00229469
0.00189205
0.00156705
0.00129374
0.00104205
0.00081216
0.000604566
0.000417637
0.000249801
9.97203e-05
-3.38621e-05
-0.000152116
-0.000256103
-0.000346768
-0.000424928
-0.000491257
-0.000546289
-0.000590413
-0.000623879
-0.000646796
-0.000659137
-0.00066075
-0.000651373
-0.000630652
-0.000598154
-0.000553384
-0.000495809
-0.000424882
-0.000340066
-0.00024086
-0.00012683
2.37283e-06
0.00014698
0.000307085
0.000482612
0.000673297
0.000878667
0.00109802
0.0013304
0.00157462
0.00182922
0.00209248
0.00236242
0.00263684
0.00291329
0.00318914
0.00346159
0.00372773
0.00398456
0.00422906
0.00445825
0.00466923
0.00485925
0.00502579
0.00516659
0.00527974
0.00536367
0.00541728
0.0054399
0.00543134
0.00539192
0.00532243
0.00522416
0.00509882
0.00494855
0.00477586
0.00458353
0.00437458
0.00415223
0.00391975
0.00368044
0.00343757
0.00319431
0.00295363
0.00271826
0.00249067
0.00227398
0.002071
0.00187083
0.00166232
0.00242916
0.00199098
0.001639
0.00134482
0.00107539
0.000830631
0.000610799
0.000413834
0.000237741
8.07999e-05
-5.85986e-05
-0.000181946
-0.00029059
-0.000385723
-0.000468375
-0.000539394
-0.000599454
-0.000649057
-0.000688531
-0.000718039
-0.000737582
-0.00074701
-0.000746042
-0.000734284
-0.000711243
-0.000676352
-0.000628992
-0.000568512
-0.000494264
-0.000405628
-0.000302041
-0.000183023
-4.82067e-05
0.000102634
0.000269557
0.000452426
0.000650887
0.000864347
0.00109196
0.0013326
0.00158489
0.00184714
0.00211742
0.0023935
0.00267293
0.00295303
0.00323091
0.00350357
0.00376788
0.00402067
0.00425879
0.00447915
0.0046788
0.00485499
0.00500524
0.0051274
0.0052197
0.00528079
0.00530981
0.00530637
0.00527061
0.0052032
0.00510527
0.00497846
0.00482484
0.00464687
0.00444732
0.00422925
0.00399589
0.00375058
0.00349671
0.00323762
0.00297659
0.00271673
0.00246085
0.00221154
0.0019722
0.00174589
0.00151986
0.00128132
0.00252921
0.00205664
0.00167847
0.00136392
0.00107704
0.000817521
0.000585395
0.000378186
0.000193493
2.92298e-05
-0.000116553
-0.000245651
-0.000359682
-0.000460073
-0.000548049
-0.000624623
-0.000690599
-0.000746576
-0.000792957
-0.000829947
-0.000857564
-0.000875656
-0.000883913
-0.000881893
-0.000869041
-0.00084471
-0.000808183
-0.000758704
-0.000695506
-0.00061784
-0.000525009
-0.000416392
-0.000291482
-0.000149908
8.52787e-06
0.000183825
0.000375757
0.000583849
0.000807356
0.00104525
0.00129622
0.00155863
0.00183056
0.00210981
0.00239387
0.00268003
0.00296532
0.00324661
0.00352064
0.00378407
0.00403356
0.0042658
0.00447761
0.00466599
0.0048282
0.00496183
0.00506483
0.0051356
0.00517305
0.00517655
0.00514605
0.00508202
0.00498547
0.00485792
0.00470136
0.00451822
0.00431126
0.00408358
0.00383845
0.00357931
0.00330967
0.00303301
0.00275275
0.00247216
0.00219424
0.00192173
0.00165839
0.00140759
0.00115474
0.000885444
0.00259082
0.00208508
0.00168156
0.00134722
0.00104329
0.000769244
0.000524892
0.000307351
0.000113828
-5.81175e-05
-0.000210758
-0.000346183
-0.000466263
-0.000572645
-0.000666739
-0.000749707
-0.000822473
-0.000885727
-0.000939931
-0.000985323
-0.00102193
-0.00104959
-0.00106796
-0.00107653
-0.00107469
-0.0010617
-0.00103674
-0.000998944
-0.000947409
-0.000881256
-0.000799643
-0.000701803
-0.000587075
-0.00045494
-0.000305046
-0.000137251
4.83587e-05
0.000251435
0.000471348
0.00070717
0.000957657
0.00122124
0.00149604
0.00177984
0.00207013
0.00236412
0.00265876
0.00295081
0.00323685
0.00351336
0.00377677
0.00402355
0.00425024
0.00445357
0.0046305
0.00477831
0.00489466
0.00497766
0.0050259
0.00503853
0.00501522
0.00495626
0.00486248
0.00473527
0.00457654
0.00438865
0.00417439
0.00393687
0.00367946
0.00340572
0.0031193
0.00282387
0.00252303
0.00222029
0.00191886
0.00162172
0.001333
0.00105647
0.000775734
0.000474734
0.00261014
0.00207248
0.00164454
0.00129106
0.00097058
0.000682334
0.000425916
0.000198045
-4.4511e-06
-0.000184358
-0.000344258
-0.000486519
-0.000613256
-0.000726321
-0.000827295
-0.000917482
-0.000997912
-0.00106935
-0.00113232
-0.00118707
-0.00123364
-0.00127183
-0.00130127
-0.00132139
-0.00133148
-0.00133073
-0.00131819
-0.00129288
-0.00125377
-0.00119983
-0.00113006
-0.00104354
-0.000939455
-0.000817114
-0.000676008
-0.000515835
-0.000336534
-0.00013831
7.83323e-05
0.000312575
0.000563264
0.000828902
0.00110764
0.00139728
0.00169529
0.00199882
0.00230475
0.00260969
0.00291007
0.00320217
0.00348218
0.00374631
0.0039908
0.00421208
0.00440676
0.00457178
0.00470447
0.00480257
0.00486436
0.00488867
0.0048749
0.00482309
0.00473386
0.00460846
0.00444866
0.0042568
0.00403565
0.00378837
0.00351844
0.00322954
0.00292553
0.00261027
0.00228764
0.0019614
0.00163504
0.00131181
0.000996312
0.000692738
0.000382857
4.89586e-05
0.00258349
0.00201522
0.00156385
0.00119195
0.000855483
0.000553438
0.000285187
4.70604e-05
-0.000164486
-0.00035257
-0.000520075
-0.000669635
-0.000803596
-0.000924006
-0.00103261
-0.00113083
-0.0012198
-0.00130036
-0.00137306
-0.00143817
-0.00149572
-0.00154548
-0.00158703
-0.00161973
-0.0016428
-0.00165529
-0.00165617
-0.00164431
-0.00161853
-0.00157767
-0.00152055
-0.00144609
-0.0013533
-0.00124132
-0.00110945
-0.000957233
-0.000784437
-0.000591114
-0.000377625
-0.000144663
0.000106721
0.000375112
0.000658712
0.000955347
0.00126247
0.00157719
0.00189629
0.00221626
0.00253334
0.00284362
0.00314303
0.00342748
0.00369291
0.00393537
0.00415113
0.00433672
0.00448907
0.00460555
0.00468404
0.00472302
0.00472156
0.00467941
0.00459694
0.0044752
0.00431587
0.00412118
0.00389389
0.00363724
0.0033548
0.00305044
0.00272821
0.00239225
0.00204671
0.00169569
0.00134299
0.000992219
0.000648463
0.000316417
-2.40343e-05
-0.000392315
0.00250735
0.00190986
0.00143609
0.00104655
0.000694717
0.00037933
9.95337e-05
-0.000148722
-0.000369345
-0.000565775
-0.000741187
-0.000898474
-0.0010402
-0.0011686
-0.00128556
-0.00139264
-0.00149105
-0.00158168
-0.00166512
-0.00174164
-0.00181125
-0.0018737
-0.00192849
-0.00197492
-0.0020121
-0.00203899
-0.00205442
-0.00205712
-0.00204577
-0.00201903
-0.00197557
-0.00191411
-0.00183348
-0.00173263
-0.00161069
-0.00146699
-0.00130113
-0.00111299
-0.000902769
-0.000671013
-0.000418651
-0.000147002
0.000142207
0.000446839
0.000764351
0.00109181
0.0014259
0.001763
0.00209919
0.00243029
0.00275201
0.00305993
0.00334963
0.00361679
0.00385724
0.0040671
0.00424283
0.00438137
0.00448016
0.00453724
0.00455133
0.00452181
0.00444877
0.00433304
0.00417611
0.00398013
0.00374786
0.00348256
0.00318793
0.00286804
0.00252718
0.00216977
0.00180034
0.00142332
0.00104291
0.000663089
0.000289522
-7.25545e-05
-0.000445208
-0.000849652
0.00237834
0.00175308
0.00125801
0.000851669
0.000485139
0.00015691
-0.000134099
-0.000392315
-0.000622001
-0.000826912
-0.00101051
-0.00117593
-0.00132595
-0.00146297
-0.00158904
-0.00170581
-0.00181456
-0.00191625
-0.00201147
-0.00210051
-0.00218334
-0.00225967
-0.00232893
-0.00239033
-0.0024429
-0.00248547
-0.00251673
-0.00253528
-0.00253962
-0.00252825
-0.00249965
-0.00245236
-0.00238499
-0.00229631
-0.00218522
-0.00205086
-0.00189263
-0.00171021
-0.00150362
-0.00127325
-0.00101987
-0.000744679
-0.00044932
-0.000135872
0.00019314
0.000534754
0.000885593
0.0012419
0.00159957
0.00195423
0.00230126
0.00263594
0.00295346
0.00324907
0.00351815
0.00375633
0.00395957
0.00412429
0.00424743
0.00432657
0.00435994
0.00434655
0.00428613
0.00417922
0.00402712
0.00383186
0.00359614
0.00332328
0.00301712
0.00268191
0.00232222
0.00194283
0.00154861
0.00114444
0.000734946
0.000324542
-8.04824e-05
-0.000474287
-0.000880991
-0.00132369
0.00219328
0.00154177
0.00102655
0.000604277
0.000223757
-0.000116774
-0.000418629
-0.000686606
-0.000925314
-0.00113882
-0.00133086
-0.0015048
-0.00166363
-0.00180993
-0.00194585
-0.00207315
-0.00219319
-0.00230695
-0.00241506
-0.00251778
-0.00261505
-0.00270654
-0.0027916
-0.00286935
-0.00293871
-0.00299839
-0.00304693
-0.00308278
-0.00310428
-0.00310973
-0.00309742
-0.00306569
-0.00301294
-0.0029377
-0.00283866
-0.00271475
-0.00256512
-0.00238925
-0.00218695
-0.0019584
-0.00170423
-0.00142548
-0.00112367
-0.000800806
-0.000459368
-0.000102327
0.000266882
0.000644387
0.00102592
0.00140685
0.0017823
0.00214718
0.00249626
0.00282434
0.0031263
0.00339722
0.00363251
0.003828
0.00398006
0.00408571
0.00414268
0.00414946
0.00410541
0.00401071
0.00386639
0.00367434
0.00343719
0.00315828
0.00284159
0.00249158
0.00211312
0.00171136
0.00129162
0.000859226
0.000419284
-2.32873e-05
-0.000461511
-0.000888892
-0.00133172
-0.00181509
0.00194911
0.00127295
0.000738793
0.000301508
-9.22547e-05
-0.000444514
-0.000756823
-0.00103434
-0.00128201
-0.00150421
-0.00170494
-0.0018878
-0.00205597
-0.00221218
-0.00235871
-0.00249741
-0.00262971
-0.00275662
-0.00287875
-0.00299638
-0.00310941
-0.00321742
-0.00331971
-0.0034153
-0.00350299
-0.00358135
-0.00364879
-0.00370359
-0.0037439
-0.00376784
-0.00377349
-0.00375896
-0.00372244
-0.00366221
-0.00357672
-0.00346464
-0.0033249
-0.00315671
-0.00295966
-0.00273371
-0.00247928
-0.00219724
-0.00188896
-0.00155633
-0.00120177
-0.000828224
-0.000439174
-3.85866e-05
0.000369104
0.000779052
0.00118606
0.00158468
0.00196926
0.00233408
0.00267348
0.00298194
0.00325425
0.00348558
0.00367167
0.00380887
0.00389431
0.00392595
0.00390262
0.0038241
0.00369112
0.00350532
0.00326926
0.00298628
0.00266047
0.00229653
0.00189965
0.00147538
0.0010295
0.000567881
9.6157e-05
-0.000380207
-0.000853473
-0.00131643
-0.00179768
-0.00232447
0.00164297
0.000943839
0.000392017
-5.93176e-05
-0.000465542
-0.000828931
-0.00115128
-0.00143809
-0.00169466
-0.00192565
-0.00213532
-0.00232749
-0.00250552
-0.0026723
-0.00283023
-0.00298124
-0.00312679
-0.00326794
-0.00340532
-0.00353915
-0.0036693
-0.0037953
-0.00391636
-0.0040314
-0.00413908
-0.00423786
-0.00432599
-0.00440156
-0.00446256
-0.00450688
-0.0045324
-0.00453699
-0.00451858
-0.00447521
-0.00440507
-0.00430655
-0.00417829
-0.00401926
-0.00382877
-0.00360653
-0.00335272
-0.00306799
-0.00275353
-0.00241108
-0.00204297
-0.00165209
-0.00124193
-0.000816536
-0.000380484
6.11577e-05
0.000502894
0.000938884
0.00136303
0.00176909
0.00215079
0.00250197
0.00281671
0.00308947
0.00331522
0.00348962
0.00360908
0.00367089
0.00367331
0.00361563
0.00349817
0.0033223
0.00309042
0.00280586
0.00247282
0.0020962
0.00168156
0.00123487
0.000762438
0.000270701
-0.000234113
-0.000745929
-0.00125618
-0.00175686
-0.00227908
-0.00285234
0.00127221
0.00055186
-1.63032e-05
-0.000480686
-0.000898558
-0.00127245
-0.0016044
-0.00190027
-0.00216566
-0.00240553
-0.00262438
-0.00282626
-0.00301471
-0.00319273
-0.00336286
-0.00352709
-0.00368694
-0.00384349
-0.00399736
-0.00414875
-0.00429749
-0.00444303
-0.0045845
-0.00472071
-0.0048502
-0.00497129
-0.00508206
-0.00518043
-0.00526418
-0.00533101
-0.00537855
-0.00540443
-0.00540632
-0.00538197
-0.00532929
-0.00524638
-0.00513159
-0.00498356
-0.0048013
-0.00458425
-0.00433229
-0.00404584
-0.00372586
-0.00337389
-0.00299213
-0.00258337
-0.00215109
-0.00169936
-0.00123291
-0.000756989
-0.000277399
0.000199637
0.000667549
0.00111953
0.00154867
0.0019481
0.00231112
0.00263139
0.00290305
0.00312092
0.0032806
0.00337862
0.00341256
0.00338109
0.00328406
0.00312248
0.00289853
0.00261547
0.00227758
0.00189001
0.00145864
0.000989917
0.000490708
-3.1918e-05
-0.00057108
-0.00112003
-0.00166929
-0.00221001
-0.00277595
-0.00339909
0.00083436
9.46431e-05
-0.000488479
-0.000964872
-0.00139355
-0.00177731
-0.00211842
-0.00242308
-0.00269722
-0.00294606
-0.00317435
-0.00338635
-0.00358574
-0.00377571
-0.00395885
-0.00413725
-0.00431248
-0.00448562
-0.00465728
-0.00482766
-0.00499651
-0.00516323
-0.00532685
-0.00548607
-0.00563932
-0.00578474
-0.00592028
-0.00604366
-0.00615246
-0.00624415
-0.00631612
-0.00636573
-0.00639038
-0.00638754
-0.00635478
-0.00628989
-0.00619088
-0.00605607
-0.00588412
-0.00567415
-0.00542571
-0.00513891
-0.00481446
-0.00445366
-0.00405851
-0.00363168
-0.00317656
-0.00269727
-0.00219858
-0.00168596
-0.00116547
-0.000643735
-0.000127798
0.000374948
0.000856911
0.00131045
0.00172802
0.0021024
0.00242679
0.00269506
0.00290188
0.00304291
0.0031149
0.00311581
0.0030449
0.00290272
0.00269116
0.00241336
0.00207362
0.00167731
0.00123067
0.000740638
0.000214681
-0.000339443
-0.000914136
-0.00150191
-0.00209229
-0.00267548
-0.00328814
-0.00396489
0.000327213
-0.00042995
-0.0010266
-0.00151392
-0.00195254
-0.0023455
-0.00269532
-0.00300852
-0.00329133
-0.00354923
-0.00378722
-0.00400973
-0.00422064
-0.00442324
-0.00462024
-0.00481379
-0.00500549
-0.00519644
-0.00538726
-0.00557809
-0.00576865
-0.00595826
-0.00614586
-0.00633004
-0.00650911
-0.00668106
-0.00684365
-0.00699443
-0.00713076
-0.00724988
-0.00734893
-0.007425
-0.00747518
-0.00749662
-0.00748658
-0.00744248
-0.00736198
-0.007243
-0.00708386
-0.00688327
-0.00664044
-0.00635513
-0.00602771
-0.0056592
-0.00525135
-0.00480665
-0.00432838
-0.00382059
-0.00328813
-0.00273661
-0.00217236
-0.00160234
-0.00103412
-0.000475677
6.46771e-05
0.000578476
0.00105727
0.00149284
0.00187736
0.00220363
0.00246526
0.00265689
0.00277431
0.00281463
0.00277638
0.00265956
0.00246565
0.00219759
0.00185967
0.00145743
0.000997473
0.000487247
-6.5134e-05
-0.000651169
-0.00126247
-0.00189075
-0.00252441
-0.00315266
-0.00381525
-0.00454967
-0.000251202
-0.00102381
-0.0016325
-0.00212966
-0.00257733
-0.00297881
-0.00333687
-0.00365834
-0.00394973
-0.00421679
-0.00446472
-0.00469817
-0.00492117
-0.00513711
-0.00534881
-0.00555849
-0.00576778
-0.00597781
-0.00618916
-0.00640196
-0.00661588
-0.00683016
-0.00704365
-0.00725484
-0.0074619
-0.00766267
-0.00785475
-0.00803549
-0.00820203
-0.00835138
-0.0084804
-0.0085859
-0.00866467
-0.0087135
-0.00872931
-0.00870913
-0.00865023
-0.00855013
-0.00840671
-0.00821828
-0.00798363
-0.0077021
-0.00737369
-0.00699908
-0.0065797
-0.00611781
-0.00561648
-0.0050797
-0.00451229
-0.00391998
-0.00330931
-0.00268761
-0.00206291
-0.00144382
-0.000839374
-0.000258923
0.00028811
0.000792417
0.00124503
0.00163756
0.00196242
0.00221306
0.00238417
0.00247185
0.00247375
0.00238915
0.00221903
0.00196602
0.00163434
0.00122965
0.000758896
0.000230056
-0.000348073
-0.000966186
-0.00161504
-0.00228544
-0.00296461
-0.00364061
-0.00435657
-0.00515303
-0.000902583
-0.00168857
-0.00230777
-0.00281362
-0.00326944
-0.00367876
-0.00404459
-0.00437404
-0.00467393
-0.00495023
-0.00520837
-0.00545317
-0.0056888
-0.0059188
-0.00614606
-0.00637285
-0.00660087
-0.00683123
-0.00706452
-0.00730084
-0.00753979
-0.00778057
-0.00802193
-0.00826225
-0.00849956
-0.00873158
-0.00895571
-0.00916911
-0.00936872
-0.00955127
-0.00971338
-0.00985154
-0.00996221
-0.0100419
-0.010087
-0.0100942
-0.0100604
-0.00998262
-0.00985829
-0.00968526
-0.00946182
-0.00918689
-0.00886
-0.00848142
-0.00805221
-0.00757431
-0.00705055
-0.00648474
-0.00588165
-0.00524704
-0.00458765
-0.00391111
-0.00322591
-0.00254126
-0.00186699
-0.00121334
-0.000590777
-9.77575e-06
0.000519435
0.000987137
0.00138439
0.00170331
0.00193729
0.00208124
0.00213175
0.00208724
0.00194803
0.00171631
0.00139612
0.000993218
0.000514839
-3.04982e-05
-0.000633281
-0.00128334
-0.0019705
-0.00268459
-0.00341149
-0.00413804
-0.00491101
-0.00577421
-0.00162834
-0.00242558
-0.00305371
-0.00356711
-0.00403015
-0.0044466
-0.00481971
-0.00515688
-0.00546516
-0.00575079
-0.00601937
-0.00627592
-0.00652474
-0.00676949
-0.00701314
-0.00725803
-0.00750588
-0.00775783
-0.00801447
-0.00827586
-0.00854156
-0.00881069
-0.00908192
-0.00935355
-0.00962346
-0.00988922
-0.0101481
-0.010397
-0.0106326
-0.0108516
-0.0110501
-0.0112243
-0.0113705
-0.0114846
-0.0115628
-0.0116013
-0.0115965
-0.0115449
-0.0114434
-0.0112895
-0.0110808
-0.0108158
-0.0104935
-0.0101137
-0.0096769
-0.00918475
-0.00863974
-0.00804542
-0.00740643
-0.00672851
-0.00601851
-0.00528432
-0.00453487
-0.00377996
-0.00303017
-0.0022967
-0.00159111
-0.000925122
-0.00031034
0.000242059
0.000721621
0.00111893
0.0014259
0.00163603
0.00174468
0.0017492
0.00164905
0.00144587
0.00114339
0.000747352
0.000265264
-0.000293835
-0.000919685
-0.0016012
-0.00232718
-0.00308638
-0.00386324
-0.00464324
-0.00547703
-0.00641199
-0.00242958
-0.00323589
-0.00387137
-0.00439113
-0.00486044
-0.00528332
-0.00566322
-0.0060078
-0.00632437
-0.00661938
-0.00689864
-0.00716731
-0.00742984
-0.00769001
-0.00795086
-0.00821479
-0.00848358
-0.00875836
-0.00903973
-0.00932772
-0.00962186
-0.0099212
-0.0102243
-0.0105295
-0.0108343
-0.0111364
-0.0114327
-0.0117201
-0.0119949
-0.0122535
-0.0124919
-0.0127059
-0.0128913
-0.0130439
-0.0131593
-0.0132332
-0.0132615
-0.0132403
-0.013166
-0.0130354
-0.0128455
-0.0125943
-0.0122802
-0.0119023
-0.0114609
-0.0109569
-0.0103924
-0.00977075
-0.00909625
-0.00837458
-0.0076126
-0.00681843
-0.00600135
-0.00517174
-0.00434093
-0.00352106
-0.00272485
-0.00196535
-0.00125562
-0.00060846
-3.59907e-05
0.000450646
0.000841664
0.00112895
0.00130637
0.00136998
0.00131821
0.00115191
0.000874396
0.000491257
1.02128e-05
-0.0005592
-0.00120596
-0.001918
-0.00268303
-0.00348862
-0.00431761
-0.00515399
-0.00605262
-0.00706465
-0.00330707
-0.00412025
-0.00476145
-0.00528638
-0.00576103
-0.00618961
-0.00657579
-0.00692748
-0.00725221
-0.00755664
-0.00784677
-0.0081279
-0.00840463
-0.00868083
-0.00895964
-0.00924352
-0.00953428
-0.00983308
-0.0101405
-0.0104566
-0.0107808
-0.0111122
-0.0114493
-0.0117901
-0.0121323
-0.0124732
-0.0128098
-0.0131386
-0.0134558
-0.0137574
-0.0140392
-0.0142968
-0.0145256
-0.0147207
-0.0148775
-0.0149913
-0.0150574
-0.0150712
-0.0150287
-0.0149259
-0.0147595
-0.0145264
-0.0142247
-0.0138527
-0.0134101
-0.0128973
-0.0123159
-0.0116687
-0.0109598
-0.0101946
-0.0093799
-0.00852398
-0.00763641
-0.00672807
-0.00581104
-0.00489839
-0.00400401
-0.00314233
-0.00232801
-0.00157555
-0.000898942
-0.000311253
0.000175807
0.000552257
0.00081021
0.000944178
0.000951294
0.000831441
0.000587274
0.000224132
-0.000250167
-0.000825634
-0.00149048
-0.0022316
-0.00303555
-0.00388858
-0.00477179
-0.00566753
-0.00663516
-0.00772986
-0.00426128
-0.0050791
-0.00572438
-0.0062533
-0.00673233
-0.00716588
-0.00755782
-0.00791629
-0.00824903
-0.00856288
-0.00886401
-0.0091579
-0.00944925
-0.00974204
-0.0100395
-0.0103442
-0.0106578
-0.0109818
-0.0113165
-0.0116621
-0.012018
-0.0123832
-0.0127561
-0.0131348
-0.0135167
-0.0138991
-0.0142786
-0.0146518
-0.0150146
-0.0153627
-0.0156917
-0.0159968
-0.0162729
-0.0165149
-0.0167178
-0.0168761
-0.0169847
-0.0170385
-0.0170328
-0.0169629
-0.0168248
-0.0166149
-0.0163303
-0.0159687
-0.0155291
-0.0150113
-0.0144161
-0.013746
-0.0130044
-0.0121966
-0.0113293
-0.0104105
-0.00945026
-0.00845974
-0.00745173
-0.00644024
-0.00544032
-0.00446784
-0.0035391
-0.00267047
-0.00187798
-0.0011768
-0.000580827
-0.00010218
0.000249221
0.000466046
0.00054385
0.000481268
0.000280091
-5.47938e-05
-0.000515594
-0.00109194
-0.00177127
-0.00253945
-0.00338173
-0.00428298
-0.00522237
-0.00618043
-0.00722135
-0.00840462
-0.00529229
-0.00611253
-0.00676028
-0.007292
-0.00777445
-0.00821223
-0.00860941
-0.0089743
-0.00931485
-0.00963808
-0.00995031
-0.0102572
-0.0105635
-0.0108733
-0.01119
-0.0115161
-0.0118536
-0.0122037
-0.0125669
-0.0129433
-0.0133324
-0.013733
-0.0141436
-0.0145621
-0.014986
-0.0154123
-0.0158376
-0.0162581
-0.0166696
-0.0170678
-0.0174476
-0.017804
-0.0181318
-0.0184252
-0.0186786
-0.0188863
-0.0190426
-0.0191416
-0.019178
-0.0191464
-0.0190421
-0.0188607
-0.0185984
-0.0182524
-0.0178206
-0.0173021
-0.0166972
-0.0160074
-0.0152359
-0.0143874
-0.0134681
-0.0124863
-0.0114519
-0.0103764
-0.00927332
-0.00815742
-0.00704495
-0.00595323
-0.00490027
-0.00390442
-0.00298388
-0.00215617
-0.00143761
-0.000842742
-0.000383841
-7.04082e-05
9.12059e-05
9.8081e-05
-4.91329e-05
-0.000346226
-0.000785603
-0.00135661
-0.00204599
-0.00283847
-0.003718
-0.0046679
-0.00566523
-0.00668854
-0.00780717
-0.00908515
-0.00639987
-0.00722032
-0.00786895
-0.00840229
-0.00888722
-0.0093285
-0.00973035
-0.0101013
-0.0104494
-0.0107819
-0.0111052
-0.0114252
-0.0117467
-0.0120739
-0.0124103
-0.0127585
-0.0131204
-0.0134974
-0.0138901
-0.0142985
-0.014722
-0.0151596
-0.0156096
-0.0160699
-0.0165378
-0.0170104
-0.017484
-0.0179547
-0.0184182
-0.0188697
-0.019304
-0.0197158
-0.0200993
-0.0204485
-0.0207573
-0.0210194
-0.0212285
-0.0213781
-0.0214622
-0.0214746
-0.0214099
-0.0212627
-0.0210286
-0.0207038
-0.0202852
-0.0197712
-0.0191612
-0.018456
-0.017658
-0.0167714
-0.015802
-0.0147578
-0.0136486
-0.0124863
-0.0112848
-0.0100596
-0.00882811
-0.00760909
-0.00642231
-0.00528817
-0.00422719
-0.00325944
-0.00240392
-0.00167791
-0.00109637
-0.000671329
-0.000411427
-0.000321495
-0.000402352
-0.000650747
-0.0010595
-0.00161781
-0.00231178
-0.00312504
-0.00404012
-0.00503867
-0.00609547
-0.00718687
-0.00838768
-0.00976678
-0.00758342
-0.00840194
-0.00904988
-0.0095837
-0.0100702
-0.0105142
-0.0109202
-0.0112967
-0.0116521
-0.0119936
-0.012328
-0.012661
-0.0129978
-0.0133426
-0.013699
-0.0140696
-0.0144566
-0.0148612
-0.0152841
-0.0157254
-0.0161845
-0.0166603
-0.0171512
-0.017655
-0.0181689
-0.0186899
-0.0192143
-0.0197379
-0.0202562
-0.0207643
-0.0212567
-0.0217276
-0.022171
-0.0225805
-0.0229494
-0.0232709
-0.0235381
-0.0237438
-0.0238813
-0.0239437
-0.0239246
-0.0238179
-0.0236181
-0.0233205
-0.0229213
-0.0224175
-0.0218079
-0.0210922
-0.0202721
-0.019351
-0.0183342
-0.0172292
-0.0160458
-0.0147957
-0.0134933
-0.0121548
-0.0107986
-0.0094448
-0.008115
-0.0068317
-0.00561787
-0.0044963
-0.00348892
-0.00261605
-0.00189571
-0.00134287
-0.000968844
-0.000780805
-0.000781423
-0.000968744
-0.00133627
-0.00187327
-0.00256529
-0.00339488
-0.00434308
-0.0053898
-0.00650727
-0.00766946
-0.00895699
-0.0104438
-0.00884197
-0.00965652
-0.0103023
-0.0108355
-0.0113226
-0.0117686
-0.0121781
-0.0125597
-0.012922
-0.0132723
-0.0136174
-0.0139634
-0.0143154
-0.0146778
-0.0150543
-0.0154476
-0.0158598
-0.0162924
-0.0167461
-0.017221
-0.0177166
-0.0182317
-0.0187647
-0.0193134
-0.019875
-0.0204464
-0.0210237
-0.0216026
-0.0221786
-0.0227463
-0.0233
-0.0238338
-0.0243411
-0.0248152
-0.0252488
-0.0256346
-0.0259651
-0.0262325
-0.0264292
-0.0265476
-0.0265804
-0.0265206
-0.0263617
-0.0260979
-0.0257244
-0.0252373
-0.0246341
-0.0239137
-0.0230767
-0.0221256
-0.0210652
-0.0199022
-0.018646
-0.0173084
-0.0159037
-0.0144489
-0.0129633
-0.0114681
-0.00998674
-0.00854385
-0.00716494
-0.00587569
-0.00470119
-0.00366513
-0.00278895
-0.00209098
-0.00158569
-0.00128303
-0.00118799
-0.00130032
-0.00161453
-0.00212021
-0.00280251
-0.00364294
-0.00462106
-0.00571484
-0.00689383
-0.00812931
-0.00950808
-0.0111095
-0.0101743
-0.0109829
-0.011625
-0.0121565
-0.0126434
-0.0130907
-0.013503
-0.0138893
-0.0142579
-0.0146166
-0.0149722
-0.0153307
-0.0156977
-0.0160775
-0.0164738
-0.0168897
-0.0173272
-0.017788
-0.0182727
-0.0187816
-0.0193141
-0.0198692
-0.0204452
-0.02104
-0.0216507
-0.0222741
-0.0229062
-0.0235427
-0.0241787
-0.0248088
-0.025427
-0.026027
-0.026602
-0.0271447
-0.0276475
-0.0281024
-0.0285014
-0.0288359
-0.0290976
-0.0292781
-0.0293691
-0.0293627
-0.0292514
-0.0290283
-0.0286875
-0.0282239
-0.0276339
-0.0269152
-0.0260673
-0.0250918
-0.0239924
-0.0227752
-0.021449
-0.0200252
-0.0185183
-0.0169455
-0.0153267
-0.0136845
-0.012044
-0.0104318
-0.008876
-0.0074054
-0.00604843
-0.00483243
-0.00378264
-0.0029212
-0.00226624
-0.00183103
-0.00162335
-0.00164515
-0.00189237
-0.00235524
-0.0030187
-0.00386336
-0.00486723
-0.0060063
-0.00724715
-0.00855818
-0.0100327
-0.0117557
-0.0115786
-0.0123795
-0.0130168
-0.0135456
-0.0140314
-0.0144792
-0.0148937
-0.015284
-0.0156585
-0.0160249
-0.0163904
-0.016761
-0.0171423
-0.017539
-0.0179548
-0.0183929
-0.0188554
-0.0193441
-0.0198597
-0.0204026
-0.0209723
-0.0215677
-0.0221874
-0.022829
-0.0234897
-0.0241663
-0.0248547
-0.0255506
-0.0262487
-0.0269436
-0.0276291
-0.0282984
-0.0289445
-0.0295596
-0.0301357
-0.0306643
-0.0311366
-0.0315435
-0.0318758
-0.0321243
-0.0322799
-0.0323335
-0.0322767
-0.0321014
-0.0318004
-0.0313676
-0.0307979
-0.030088
-0.0292361
-0.0282425
-0.0271098
-0.0258434
-0.0244511
-0.0229439
-0.021336
-0.0196446
-0.0178904
-0.016097
-0.0142907
-0.0125004
-0.0107568
-0.00909161
-0.00753696
-0.00612409
-0.00488242
-0.00383836
-0.00301421
-0.00242711
-0.00208827
-0.00200236
-0.00216726
-0.00257421
-0.00320827
-0.00404926
-0.00507369
-0.00625547
-0.00755799
-0.0089465
-0.0105212
-0.0123728
-0.0130532
-0.0138448
-0.0144759
-0.0150012
-0.0154851
-0.0159327
-0.0163487
-0.0167422
-0.0171219
-0.0174954
-0.0178699
-0.0182519
-0.0186468
-0.0190595
-0.019494
-0.0199535
-0.0204403
-0.0209563
-0.0215023
-0.0220788
-0.0226854
-0.0233212
-0.0239845
-0.0246733
-0.0253847
-0.0261153
-0.0268611
-0.0276176
-0.0283796
-0.0291413
-0.0298962
-0.0306376
-0.0313577
-0.0320487
-0.0327019
-0.0333083
-0.0338585
-0.0343427
-0.034751
-0.0350734
-0.0352996
-0.0354197
-0.0354241
-0.0353037
-0.0350499
-0.0346553
-0.0341137
-0.0334201
-0.0325715
-0.0315669
-0.0304078
-0.029098
-0.0276447
-0.0260581
-0.0243518
-0.0225431
-0.0206527
-0.018705
-0.0167279
-0.014752
-0.0128105
-0.0109384
-0.00917131
-0.00754477
-0.00609269
-0.00484621
-0.00383237
-0.00307281
-0.00258278
-0.00237033
-0.00243586
-0.00277211
-0.00336461
-0.00419264
-0.00523127
-0.00645227
-0.00781562
-0.00928316
-0.0109622
-0.0129497
-0.0145956
-0.0153766
-0.0160006
-0.0165216
-0.0170028
-0.0174495
-0.0178663
-0.0182623
-0.0186462
-0.0190258
-0.0194085
-0.0198006
-0.020208
-0.0206357
-0.0210877
-0.0215674
-0.0220774
-0.0226196
-0.0231951
-0.0238043
-0.0244471
-0.0251226
-0.0258293
-0.0265651
-0.0273271
-0.0281121
-0.0289159
-0.0297339
-0.0305609
-0.0313908
-0.0322171
-0.0330326
-0.0338294
-0.0345991
-0.0353326
-0.0360205
-0.0366528
-0.0372189
-0.0377082
-0.0381097
-0.0384123
-0.0386052
-0.0386775
-0.0386189
-0.0384197
-0.038071
-0.0375651
-0.0368958
-0.0360585
-0.0350507
-0.0338724
-0.0325264
-0.0310184
-0.0293576
-0.0275571
-0.0256334
-0.0236076
-0.0215045
-0.019353
-0.0171855
-0.0150375
-0.012947
-0.0109536
-0.00909704
-0.00741608
-0.00594705
-0.00472227
-0.00376855
-0.00310591
-0.00274646
-0.00269381
-0.00294283
-0.00347996
-0.00428421
-0.0053294
-0.0065851
-0.00800771
-0.00955532
-0.0113429
-0.0134735
-0.0162036
-0.0169728
-0.017589
-0.0181049
-0.0185829
-0.0190278
-0.0194447
-0.0198422
-0.0202293
-0.0206139
-0.0210034
-0.0214043
-0.0218227
-0.0222637
-0.0227316
-0.0232299
-0.0237615
-0.0243283
-0.0249317
-0.0255724
-0.0262501
-0.0269643
-0.0277134
-0.0284954
-0.0293076
-0.0301467
-0.0310085
-0.0318884
-0.0327809
-0.0336801
-0.034579
-0.0354702
-0.0363456
-0.0371963
-0.038013
-0.0387855
-0.0395033
-0.0401553
-0.04073
-0.0412156
-0.0416001
-0.0418715
-0.042018
-0.042028
-0.0418905
-0.0415951
-0.0411329
-0.0404958
-0.039678
-0.0386753
-0.0374861
-0.0361116
-0.0345561
-0.0328277
-0.0309383
-0.028904
-0.0267452
-0.0244872
-0.0221595
-0.019796
-0.0174344
-0.0151157
-0.0128832
-0.010781
-0.00885302
-0.00714125
-0.0056838
-0.00451333
-0.00365536
-0.00312691
-0.00293556
-0.00307899
-0.00354515
-0.0043132
-0.00535589
-0.00664064
-0.00812007
-0.00974828
-0.0116481
-0.0139291
-0.0178743
-0.018631
-0.0192388
-0.0197492
-0.0202233
-0.0206659
-0.0210819
-0.02148
-0.0218691
-0.0222572
-0.0226518
-0.0230598
-0.0234872
-0.0239395
-0.0244211
-0.0249359
-0.0254868
-0.0260762
-0.0267055
-0.0273756
-0.0280864
-0.0288375
-0.0296275
-0.0304546
-0.0313159
-0.0322082
-0.0331275
-0.0340689
-0.035027
-0.0359956
-0.0369677
-0.0379356
-0.0388909
-0.0398245
-0.0407263
-0.041586
-0.0423923
-0.0431335
-0.0437974
-0.0443714
-0.0448426
-0.0451978
-0.0454243
-0.0455091
-0.04544
-0.0452053
-0.0447943
-0.0441977
-0.0434076
-0.0424185
-0.0412269
-0.0398323
-0.0382376
-0.0364492
-0.0344777
-0.0323382
-0.0300506
-0.0276399
-0.0251361
-0.0225742
-0.0199939
-0.0174387
-0.0149557
-0.0125934
-0.0104012
-0.00842678
-0.00671476
-0.00530428
-0.0042272
-0.00350631
-0.00315404
-0.00317171
-0.00354947
-0.00426715
-0.00529676
-0.00660365
-0.00813651
-0.00984515
-0.0118606
-0.0142993
-0.019605
-0.0203489
-0.0209479
-0.0214525
-0.0219222
-0.0223619
-0.022776
-0.0231735
-0.0235632
-0.023953
-0.0243508
-0.0247636
-0.0251976
-0.0256586
-0.0261513
-0.0266798
-0.0272474
-0.0278565
-0.028509
-0.0292058
-0.0299473
-0.030733
-0.0315618
-0.0324319
-0.0333406
-0.0342847
-0.0352602
-0.0362622
-0.0372853
-0.038323
-0.0393683
-0.0404132
-0.041449
-0.0424663
-0.0434548
-0.0444034
-0.0453004
-0.0461335
-0.0468897
-0.0475556
-0.0481175
-0.0485612
-0.0488727
-0.0490381
-0.0490436
-0.0488763
-0.0485238
-0.0479754
-0.0472214
-0.0462543
-0.0450691
-0.0436634
-0.0420382
-0.0401982
-0.0381524
-0.0359148
-0.0335041
-0.0309448
-0.028267
-0.0255063
-0.0227039
-0.0199061
-0.0171629
-0.0145277
-0.0120549
-0.00979866
-0.00781033
-0.00613626
-0.00481545
-0.0038774
-0.00334038
-0.0032103
-0.00348035
-0.00413168
-0.00513597
-0.0064567
-0.00803853
-0.00982672
-0.011961
-0.0145643
-0.0213927
-0.0221238
-0.0227142
-0.0232128
-0.0236779
-0.0241139
-0.0245252
-0.0249207
-0.0253092
-0.0256987
-0.0260973
-0.0265121
-0.0269498
-0.0274163
-0.0279168
-0.0284556
-0.0290363
-0.0296618
-0.0303341
-0.0310544
-0.0318234
-0.0326407
-0.0335055
-0.034416
-0.0353697
-0.0363635
-0.0373933
-0.0384543
-0.0395409
-0.0406467
-0.0417644
-0.042886
-0.0440023
-0.0451036
-0.0461793
-0.0472178
-0.048207
-0.0491338
-0.0499846
-0.0507452
-0.051401
-0.0519369
-0.0523379
-0.0525887
-0.0526744
-0.0525805
-0.0522933
-0.0518003
-0.0510901
-0.0501535
-0.0489834
-0.0475756
-0.045929
-0.0440465
-0.0419353
-0.0396076
-0.0370809
-0.0343788
-0.0315308
-0.0285729
-0.0255476
-0.0225028
-0.019492
-0.0165727
-0.0138047
-0.0112485
-0.00896263
-0.00700136
-0.00541163
-0.00423064
-0.00348356
-0.00318199
-0.00332311
-0.0038902
-0.00485519
-0.00617996
-0.00780511
-0.00967113
-0.0119266
-0.0147016
-0.0232343
-0.0239534
-0.0245355
-0.0250283
-0.0254885
-0.0259202
-0.0263277
-0.0267197
-0.0271048
-0.0274916
-0.027888
-0.0283016
-0.0287393
-0.0292076
-0.0297118
-0.0302568
-0.0308465
-0.0314842
-0.0321722
-0.0329121
-0.0337046
-0.0345499
-0.0354471
-0.0363947
-0.0373904
-0.038431
-0.0395125
-0.0406302
-0.0417784
-0.0429506
-0.0441394
-0.0453363
-0.0465323
-0.0477172
-0.0488799
-0.0500086
-0.0510904
-0.0521119
-0.0530588
-0.053916
-0.0546681
-0.0552991
-0.0557929
-0.0561331
-0.0563036
-0.0562884
-0.0560724
-0.0556413
-0.0549822
-0.0540839
-0.0529374
-0.0515363
-0.0498776
-0.0479619
-0.0457946
-0.0433858
-0.0407514
-0.0379136
-0.0349011
-0.0317498
-0.0285025
-0.0252089
-0.0219252
-0.0187128
-0.0156366
-0.0127636
-0.0101601
-0.00788839
-0.00600433
-0.0045538
-0.00357006
-0.00307155
-0.00306063
-0.00352365
-0.0044335
-0.00575089
-0.00741241
-0.00935358
-0.0117324
-0.0146856
-0.025127
-0.0258353
-0.02641
-0.0268974
-0.0273526
-0.0277794
-0.0281819
-0.0285685
-0.028948
-0.029329
-0.0297198
-0.0301282
-0.0305618
-0.0310272
-0.0315304
-0.0320767
-0.0326705
-0.0333155
-0.0340142
-0.0347689
-0.0355804
-0.0364491
-0.0373746
-0.0383553
-0.0393892
-0.0404731
-0.0416032
-0.0427746
-0.0439817
-0.0452178
-0.0464755
-0.0477461
-0.0490202
-0.0502873
-0.0515362
-0.0527544
-0.0539287
-0.055045
-0.0560883
-0.057043
-0.0578928
-0.0586208
-0.0592098
-0.0596424
-0.0599012
-0.059969
-0.0598291
-0.0594657
-0.058864
-0.058011
-0.0568958
-0.0555098
-0.0538479
-0.0519085
-0.0496946
-0.0472142
-0.0444813
-0.0415161
-0.0383463
-0.0350069
-0.0315409
-0.0279989
-0.0244393
-0.0209269
-0.0175318
-0.0143272
-0.0113869
-0.00878234
-0.00657866
-0.00483151
-0.00358341
-0.00286098
-0.00267302
-0.00301014
-0.00384708
-0.00514395
-0.00683346
-0.00884606
-0.0113494
-0.0144874
-0.0270678
-0.0277674
-0.0283361
-0.0288187
-0.0292691
-0.0296904
-0.0300865
-0.0304657
-0.0308367
-0.0312084
-0.0315895
-0.0319882
-0.0324125
-0.0328697
-0.0333663
-0.0339082
-0.0345003
-0.0351467
-0.0358507
-0.0366145
-0.0374396
-0.0383266
-0.0392754
-0.0402845
-0.0413522
-0.0424753
-0.04365
-0.0448715
-0.0461342
-0.0474312
-0.0487549
-0.0500965
-0.0514465
-0.052794
-0.0541273
-0.0554336
-0.0566992
-0.0579095
-0.059049
-0.0601011
-0.0610489
-0.0618747
-0.0625603
-0.0630872
-0.0634368
-0.0635906
-0.0635306
-0.0632392
-0.0627002
-0.0618986
-0.0608215
-0.0594583
-0.0578015
-0.0558473
-0.0535961
-0.0510538
-0.0482318
-0.0451486
-0.0418298
-0.0383093
-0.0346295
-0.0308416
-0.0270055
-0.0231888
-0.0194662
-0.0159171
-0.0126228
-0.00966393
-0.00711581
-0.00504473
-0.00350373
-0.002529
-0.00213724
-0.00232464
-0.00306889
-0.00433024
-0.00603784
-0.008117
-0.0107455
-0.0140743
-0.0290541
-0.0297478
-0.0303124
-0.0307914
-0.0312373
-0.0316526
-0.0320407
-0.03241
-0.0327693
-0.0331276
-0.0334941
-0.0338777
-0.0342868
-0.0347295
-0.0352131
-0.0357439
-0.0363276
-0.0369689
-0.0376714
-0.038438
-0.0392706
-0.0401701
-0.0411364
-0.0421687
-0.043265
-0.0444225
-0.0456373
-0.0469048
-0.048219
-0.0495732
-0.0509596
-0.0523692
-0.053792
-0.0552171
-0.0566324
-0.0580247
-0.0593798
-0.0606824
-0.0619166
-0.0630652
-0.0641105
-0.0650338
-0.0658161
-0.0664379
-0.0668795
-0.0671212
-0.0671435
-0.0669274
-0.0664551
-0.0657097
-0.0646763
-0.0633423
-0.0616979
-0.0597369
-0.0574573
-0.0548623
-0.0519609
-0.048769
-0.0453103
-0.0416168
-0.0377299
-0.0337004
-0.0295892
-0.0254663
-0.0214101
-0.0175057
-0.0138421
-0.010509
-0.00759249
-0.00517033
-0.00330733
-0.00205072
-0.00142669
-0.00143854
-0.00206825
-0.00327713
-0.00499127
-0.00713087
-0.00988438
-0.0134096
-0.0310837
-0.0317753
-0.0323384
-0.0328153
-0.0332571
-0.0336657
-0.0340443
-0.0344008
-0.0347444
-0.0350845
-0.0354308
-0.0357928
-0.03618
-0.036601
-0.037064
-0.0375761
-0.0381438
-0.0387724
-0.0394661
-0.0402284
-0.0410615
-0.0419668
-0.0429444
-0.0439938
-0.0451131
-0.0462996
-0.0475496
-0.0488581
-0.0502194
-0.0516266
-0.0530716
-0.0545454
-0.0560376
-0.0575371
-0.0590312
-0.0605066
-0.0619484
-0.063341
-0.0646677
-0.0659108
-0.0670518
-0.0680714
-0.0689495
-0.0696657
-0.0701993
-0.0705293
-0.070635
-0.070496
-0.0700928
-0.0694068
-0.0684213
-0.0671216
-0.0654956
-0.0635347
-0.0612344
-0.0585952
-0.0556234
-0.0523322
-0.0487428
-0.0448851
-0.0407986
-0.0365334
-0.0321505
-0.0277215
-0.0233279
-0.0190599
-0.0150138
-0.0112883
-0.00798049
-0.00518057
-0.00296617
-0.00139711
-0.000510758
-0.000319278
-0.000810462
-0.00194791
-0.00365525
-0.00584781
-0.00872519
-0.0124521
-0.0331546
-0.033849
-0.0344141
-0.0348907
-0.0353292
-0.0357305
-0.0360975
-0.0364379
-0.0367613
-0.0370775
-0.0373969
-0.0377301
-0.0380873
-0.0384783
-0.0389121
-0.0393969
-0.03994
-0.0405474
-0.0412241
-0.041974
-0.0428
-0.0437038
-0.0446858
-0.0457457
-0.0468818
-0.0480915
-0.0493709
-0.0507154
-0.0521189
-0.0535743
-0.0550735
-0.0566072
-0.0581648
-0.0597347
-0.0613041
-0.0628589
-0.0643841
-0.0658635
-0.0672797
-0.0686145
-0.0698487
-0.070962
-0.0719339
-0.0727428
-0.073367
-0.0737845
-0.0739732
-0.0739115
-0.0735783
-0.0729535
-0.0720184
-0.0707563
-0.069153
-0.0671975
-0.0648827
-0.0622065
-0.0591723
-0.0557904
-0.0520792
-0.0480659
-0.043788
-0.039294
-0.0346442
-0.029911
-0.0251783
-0.0205407
-0.0161009
-0.0119667
-0.00824626
-0.00504262
-0.00244741
-0.000534543
0.000645612
0.00107014
0.000743617
-0.000301269
-0.00198659
-0.00422316
-0.00722235
-0.0111557
-0.0352657
-0.0359692
-0.0365405
-0.0370193
-0.0374553
-0.0378487
-0.0382016
-0.038522
-0.0388197
-0.0391053
-0.0393901
-0.0396859
-0.040004
-0.0403554
-0.0407504
-0.0411981
-0.0417069
-0.0422837
-0.0429342
-0.0436631
-0.0444737
-0.045368
-0.0463469
-0.0474102
-0.0485564
-0.0497829
-0.051086
-0.0524608
-0.0539011
-0.0553997
-0.0569484
-0.0585373
-0.0601558
-0.0617918
-0.0634322
-0.0650625
-0.0666671
-0.0682294
-0.0697314
-0.0711543
-0.0724781
-0.073682
-0.0747445
-0.0756432
-0.0763554
-0.0768581
-0.0771281
-0.0771423
-0.0768783
-0.0763145
-0.0754304
-0.0742074
-0.0726292
-0.0706825
-0.0683577
-0.0656498
-0.0625595
-0.0590942
-0.055269
-0.0511084
-0.046647
-0.0419314
-0.0370204
-0.0319863
-0.0269145
-0.0219031
-0.0170607
-0.0125035
-0.00835051
-0.00471816
-0.00171297
0.000575645
0.00208242
0.0027716
0.0026381
0.00170915
6.30754e-05
-0.00220698
-0.00532491
-0.00946907
-0.0374167
-0.0381371
-0.0387198
-0.0392038
-0.0396384
-0.0400229
-0.0403588
-0.0406544
-0.04092
-0.0411672
-0.0414084
-0.0416569
-0.0419254
-0.0422264
-0.0425715
-0.0429713
-0.0434351
-0.0439709
-0.0445853
-0.0452836
-0.0460697
-0.0469461
-0.0479139
-0.0489732
-0.0501225
-0.0513593
-0.0526797
-0.0540789
-0.0555505
-0.0570871
-0.05868
-0.0603193
-0.0619939
-0.0636914
-0.0653983
-0.0670995
-0.0687792
-0.0704199
-0.0720033
-0.0735099
-0.0749191
-0.0762094
-0.0773583
-0.0783429
-0.0791394
-0.0797237
-0.0800716
-0.0801588
-0.0799616
-0.0794568
-0.0786224
-0.0774379
-0.0758851
-0.0739483
-0.0716156
-0.0688794
-0.0657374
-0.0621939
-0.0582609
-0.0539597
-0.049322
-0.0443915
-0.0392251
-0.0338941
-0.0284845
-0.0230968
-0.0178446
-0.0128518
-0.008248
-0.00416303
-0.000719042
0.00197767
0.0038451
0.00483241
0.00492255
0.00413527
0.00254784
0.000256534
-0.002976
-0.00733489
-0.0396082
-0.0403551
-0.0409557
-0.0414484
-0.0418829
-0.0422573
-0.0425728
-0.0428379
-0.0430636
-0.0432631
-0.0434503
-0.04364
-0.0438469
-0.0440852
-0.0443682
-0.0447079
-0.0451149
-0.0455984
-0.0461659
-0.0468234
-0.0475754
-0.0484249
-0.0493733
-0.0504207
-0.0515658
-0.0528061
-0.0541376
-0.0555552
-0.0570524
-0.0586214
-0.0602534
-0.0619381
-0.0636639
-0.065418
-0.0671864
-0.0689539
-0.0707036
-0.072418
-0.074078
-0.0756634
-0.077153
-0.0785246
-0.0797551
-0.0808205
-0.0816963
-0.0823574
-0.0827786
-0.0829344
-0.0827998
-0.0823503
-0.0815622
-0.0804135
-0.0788839
-0.0769559
-0.074615
-0.0718511
-0.0686591
-0.0650404
-0.0610036
-0.0565667
-0.051758
-0.0466181
-0.0412014
-0.0355774
-0.0298317
-0.0240662
-0.0183984
-0.0129589
-0.00788741
-0.00332696
0.000584211
0.00372174
0.00598502
0.00730582
0.0076526
0.00703524
0.00552815
0.00322964
-0.000112237
-0.00468941
-0.0418425
-0.0426276
-0.0432538
-0.0437594
-0.0441951
-0.0445579
-0.0448485
-0.045076
-0.0452528
-0.0453936
-0.0455144
-0.0456322
-0.0457639
-0.0459256
-0.0461327
-0.0463988
-0.0467362
-0.0471551
-0.0476641
-0.0482701
-0.048978
-0.0497913
-0.0507116
-0.0517392
-0.0528728
-0.0541098
-0.0554459
-0.0568759
-0.058393
-0.0599892
-0.061655
-0.0633799
-0.0651518
-0.0669576
-0.0687827
-0.0706113
-0.0724262
-0.074209
-0.0759403
-0.0775991
-0.0791636
-0.0806109
-0.0819172
-0.0830576
-0.0840067
-0.0847387
-0.0852271
-0.0854456
-0.0853678
-0.0849679
-0.0842209
-0.0831031
-0.0815924
-0.0796693
-0.0773173
-0.0745236
-0.0712806
-0.0675866
-0.0634471
-0.0588766
-0.0538999
-0.0485542
-0.0428908
-0.0369766
-0.030896
-0.0247513
-0.0186627
-0.0127664
-0.00721141
-0.00215341
0.00225298
0.00586443
0.00855998
0.0102516
0.0108905
0.010474
0.0090715
0.00678183
0.00333703
-0.00146172
-0.0441235
-0.044961
-0.0456222
-0.0461455
-0.0465838
-0.0469327
-0.0471928
-0.0473741
-0.047491
-0.0475601
-0.0476002
-0.0476309
-0.0476716
-0.0477413
-0.0478572
-0.0480351
-0.0482888
-0.0486299
-0.0490683
-0.0496114
-0.0502648
-0.0510324
-0.0519159
-0.0529158
-0.0540305
-0.0552573
-0.0565919
-0.0580285
-0.05956
-0.0611779
-0.0628725
-0.0646326
-0.0664459
-0.0682984
-0.0701752
-0.0720598
-0.0739346
-0.0757805
-0.0775775
-0.079304
-0.0809375
-0.0824543
-0.0838299
-0.0850386
-0.0860544
-0.0868501
-0.0873987
-0.0876725
-0.0876442
-0.0872867
-0.0865735
-0.0854795
-0.083981
-0.0820565
-0.0796875
-0.0768591
-0.0735608
-0.0697882
-0.0655438
-0.0608385
-0.0556937
-0.0501429
-0.0442338
-0.0380303
-0.0316147
-0.0250887
-0.0185738
-0.0122109
-0.00615688
-0.000579677
0.00434999
0.00846906
0.0116347
0.0137366
0.0147059
0.0145243
0.0132533
0.0109907
0.00745056
0.00242701
-0.0464575
-0.0473647
-0.048072
-0.0486185
-0.0490604
-0.0493922
-0.0496146
-0.0497392
-0.0497827
-0.0497647
-0.0497074
-0.0496334
-0.0495656
-0.0495256
-0.0495335
-0.0496071
-0.049762
-0.0500116
-0.0503664
-0.0508349
-0.0514233
-0.0521355
-0.0529737
-0.0539379
-0.0550267
-0.0562369
-0.0575639
-0.0590015
-0.0605422
-0.0621769
-0.0638955
-0.0656861
-0.0675359
-0.0694303
-0.0713539
-0.0732896
-0.075219
-0.0771226
-0.0789796
-0.0807677
-0.0824639
-0.0840437
-0.0854816
-0.0867515
-0.0878262
-0.0886779
-0.0892784
-0.0895991
-0.0896116
-0.0892875
-0.0885992
-0.08752
-0.0860246
-0.0840899
-0.0816954
-0.078824
-0.075463
-0.0716052
-0.0672499
-0.062405
-0.0570882
-0.0513293
-0.0451721
-0.0386773
-0.031924
-0.0250124
-0.0180646
-0.0112243
-0.00465548
0.00146295
0.00694446
0.0116059
0.0152812
0.0178355
0.0191766
0.019267
0.0181578
0.0159429
0.0123163
0.00706452
-0.0488536
-0.0498515
-0.0506181
-0.0511939
-0.05164
-0.0519502
-0.0521256
-0.0521803
-0.0521341
-0.0520108
-0.0518362
-0.0516375
-0.051441
-0.0512719
-0.0511531
-0.051105
-0.0511452
-0.0512884
-0.0515465
-0.0519285
-0.0524412
-0.0530886
-0.0538729
-0.054794
-0.0558501
-0.0570377
-0.0583516
-0.0597851
-0.0613302
-0.0629772
-0.0647152
-0.066532
-0.0684138
-0.0703457
-0.0723114
-0.0742932
-0.0762722
-0.078228
-0.0801392
-0.0819829
-0.0837352
-0.085371
-0.0868641
-0.0881873
-0.0893128
-0.0902118
-0.0908551
-0.0912133
-0.0912566
-0.0909557
-0.0902815
-0.0892062
-0.0877029
-0.0857468
-0.0833156
-0.0803902
-0.0769556
-0.0730021
-0.0685264
-0.0635329
-0.0580361
-0.0520618
-0.0456501
-0.0388577
-0.0317605
-0.0244561
-0.0170659
-0.0097356
-0.00263445
0.0040486
0.010112
0.0153524
0.0195793
0.0226312
0.0243892
0.024793
0.0238793
0.0217355
0.0180325
0.0125487
-0.0513252
-0.0524392
-0.0532803
-0.0538919
-0.0543421
-0.0546242
-0.0547405
-0.0547087
-0.054553
-0.0543023
-0.0539876
-0.0536407
-0.0532928
-0.0529728
-0.052707
-0.0525185
-0.052427
-0.0524486
-0.0525964
-0.0528801
-0.0533065
-0.05388
-0.0546024
-0.0554734
-0.0564907
-0.0576502
-0.058946
-0.060371
-0.0619162
-0.0635714
-0.065325
-0.0671639
-0.0690738
-0.0710389
-0.0730424
-0.0750657
-0.0770892
-0.0790919
-0.0810516
-0.0829448
-0.0847466
-0.0864313
-0.0879719
-0.0893404
-0.0905079
-0.091445
-0.0921214
-0.0925066
-0.0925698
-0.0922806
-0.0916087
-0.0905247
-0.0890004
-0.0870096
-0.084528
-0.0815348
-0.0780128
-0.0739498
-0.06934
-0.0641848
-0.0584953
-0.0522936
-0.0456161
-0.0385152
-0.0310631
-0.0233543
-0.0155084
-0.00767177
-1.77804e-05
0.00725604
0.013934
0.0197929
0.024617
0.0282157
0.0304403
0.0312035
0.0305235
0.0284775
0.0247096
0.0189888
-0.0538905
-0.0551512
-0.0560851
-0.0567392
-0.0571917
-0.0574363
-0.0574777
-0.0573384
-0.057049
-0.0566445
-0.0561625
-0.0556408
-0.0551158
-0.0546208
-0.0541859
-0.053837
-0.0535959
-0.0534804
-0.0535042
-0.0536777
-0.0540079
-0.0544988
-0.055152
-0.0559666
-0.0569396
-0.0580663
-0.05934
-0.0607526
-0.0622944
-0.0639544
-0.0657202
-0.0675778
-0.0695122
-0.0715068
-0.0735439
-0.0756044
-0.0776677
-0.0797122
-0.0817148
-0.0836513
-0.085496
-0.0872225
-0.0888027
-0.0902081
-0.0914087
-0.0923742
-0.0930733
-0.0934746
-0.0935461
-0.0932561
-0.0925732
-0.0914668
-0.0899071
-0.0878663
-0.0853185
-0.0822411
-0.0786149
-0.0744254
-0.0696642
-0.06433
-0.0584306
-0.0519847
-0.0450245
-0.0375986
-0.029775
-0.0216445
-0.0133242
-0.00495999
0.00327214
0.0111674
0.0184971
0.0250186
0.0304901
0.0346904
0.0374374
0.0386122
0.0382095
0.036292
0.0324721
0.0265079
-0.0565744
-0.0580193
-0.0590667
-0.0597699
-0.0602208
-0.0604144
-0.0603599
-0.0600867
-0.0596335
-0.0590436
-0.0583626
-0.0576352
-0.056904
-0.0562075
-0.0555795
-0.0550491
-0.05464
-0.0543715
-0.0542579
-0.0543099
-0.0545344
-0.054935
-0.0555125
-0.0562653
-0.0571895
-0.0582795
-0.0595277
-0.060925
-0.0624608
-0.0641229
-0.0658982
-0.0677717
-0.0697276
-0.0717484
-0.0738156
-0.0759091
-0.0780078
-0.0800891
-0.0821292
-0.0841029
-0.0859841
-0.087745
-0.0893572
-0.0907909
-0.0920154
-0.0929994
-0.0937106
-0.0941164
-0.0941839
-0.0938801
-0.0931723
-0.0920285
-0.0904177
-0.0883103
-0.0856789
-0.082499
-0.0787493
-0.0744133
-0.0694802
-0.0639458
-0.0578148
-0.0511027
-0.0438378
-0.0360644
-0.0278462
-0.0192701
-0.0104499
-0.0015299
0.00731237
0.0158663
0.0238915
0.0311263
0.037303
0.0421672
0.0455002
0.0471465
0.0470717
0.0453184
0.0414612
0.0352448
-0.0594109
-0.0610852
-0.0622704
-0.0630283
-0.0634697
-0.0635935
-0.0634152
-0.0629743
-0.0623203
-0.0615069
-0.0605894
-0.0596209
-0.058651
-0.0577237
-0.056877
-0.0561428
-0.055547
-0.0551096
-0.0548457
-0.0547656
-0.0548759
-0.0551792
-0.0556756
-0.0563624
-0.0572345
-0.0582851
-0.0595055
-0.0608855
-0.0624133
-0.0640757
-0.0658585
-0.0677458
-0.0697207
-0.0717649
-0.073859
-0.075982
-0.0781119
-0.0802253
-0.0822976
-0.0843028
-0.0862138
-0.0880021
-0.0896384
-0.0910919
-0.0923311
-0.0933234
-0.0940359
-0.0944346
-0.0944855
-0.0941544
-0.0934073
-0.0922108
-0.0905323
-0.0883408
-0.0856071
-0.0823047
-0.0784106
-0.073906
-0.0687775
-0.0630184
-0.0566305
-0.0496255
-0.0420281
-0.0338785
-0.0252359
-0.0161828
-0.006829
0.00268334
0.0121766
0.0214355
0.0302092
0.0382179
0.0451672
0.0507684
0.0547617
0.0569498
0.0572628
0.0557161
0.0518386
0.0453576
-0.0624458
-0.0644048
-0.0657554
-0.0665713
-0.0669899
-0.0670168
-0.0666778
-0.066026
-0.0651252
-0.0640424
-0.0628443
-0.0615941
-0.060349
-0.0591589
-0.0580662
-0.0571053
-0.0563037
-0.0556822
-0.0552557
-0.0550341
-0.0550227
-0.0552234
-0.0556346
-0.0562524
-0.0570703
-0.05808
-0.0592714
-0.0606331
-0.0621519
-0.0638136
-0.0656027
-0.0675022
-0.0694943
-0.0715597
-0.0736778
-0.0758271
-0.0779844
-0.0801255
-0.082225
-0.084256
-0.0861906
-0.0879993
-0.0896519
-0.0911168
-0.0923614
-0.0933522
-0.094055
-0.0944349
-0.0944567
-0.0940848
-0.0932838
-0.092019
-0.0902561
-0.0879625
-0.0851072
-0.0816618
-0.0776012
-0.0729043
-0.0675551
-0.0615444
-0.0548706
-0.0475422
-0.0395799
-0.0310195
-0.0219156
-0.0123459
-0.00241597
0.00773542
0.0179314
0.0279534
0.0375412
0.0463977
0.0542014
0.0606268
0.0653698
0.0681844
0.0689574
0.0676691
0.0637909
0.0570282
-0.0657414
-0.0680526
-0.0695994
-0.0704728
-0.0708465
-0.0707383
-0.070189
-0.069271
-0.0680662
-0.0666583
-0.065128
-0.0635496
-0.0619887
-0.0605012
-0.0591336
-0.0579225
-0.0568965
-0.0560764
-0.0554763
-0.0551049
-0.0549662
-0.0550602
-0.0553838
-0.0559312
-0.0566941
-0.0576627
-0.0588252
-0.0601686
-0.0616786
-0.0633394
-0.0651343
-0.0670453
-0.0690533
-0.071138
-0.0732779
-0.0754505
-0.0776317
-0.0797965
-0.0819184
-0.0839698
-0.0859218
-0.0877441
-0.0894056
-0.0908735
-0.0921146
-0.0930941
-0.0937767
-0.0941264
-0.0941067
-0.0936807
-0.0928117
-0.0914632
-0.0895994
-0.087186
-0.08419
-0.080581
-0.0763316
-0.0714182
-0.0658222
-0.0595314
-0.0525408
-0.0448554
-0.0364916
-0.0274806
-0.0178721
-0.0077384
0.00281998
0.0136684
0.0246318
0.0354898
0.0459737
0.0557696
0.0645284
0.0718859
0.0774884
0.0810341
0.082357
0.0813916
0.0775369
0.0704687
-0.0693818
-0.0721282
-0.0739049
-0.0748278
-0.0751218
-0.0748243
-0.0739985
-0.0727426
-0.0711628
-0.0693627
-0.0674395
-0.0654797
-0.063558
-0.0617361
-0.0600636
-0.0585789
-0.0573106
-0.0562785
-0.0554954
-0.0549679
-0.054698
-0.0546834
-0.0549187
-0.0553959
-0.0561048
-0.0570334
-0.0581683
-0.0594948
-0.0609969
-0.0626575
-0.0644586
-0.0663808
-0.068404
-0.0705068
-0.0726667
-0.0748601
-0.0770621
-0.0792466
-0.0813865
-0.0834531
-0.0854167
-0.0872461
-0.0889092
-0.0903724
-0.0916012
-0.09256
-0.0932123
-0.0935209
-0.093448
-0.0929554
-0.0920048
-0.0905582
-0.0885781
-0.0860281
-0.0828732
-0.0790808
-0.074621
-0.0694676
-0.063599
-0.0569995
-0.0496606
-0.041583
-0.0327786
-0.0232734
-0.0131114
-0.00235881
0.00888984
0.0205052
0.0323155
0.0440997
0.0555821
0.0664323
0.0762731
0.0846982
0.0912986
0.0957078
0.0976957
0.0971363
0.0933362
0.0859299
-0.0734822
-0.0767661
-0.0788078
-0.07976
-0.0799198
-0.0793558
-0.0781643
-0.0764785
-0.0744348
-0.0721615
-0.0697744
-0.0673732
-0.0650413
-0.0628454
-0.0608376
-0.0590564
-0.0575292
-0.0562739
-0.0553006
-0.0546131
-0.0542104
-0.0540874
-0.0542358
-0.0546449
-0.0553023
-0.0561938
-0.0573038
-0.0586158
-0.0601121
-0.0617742
-0.0635824
-0.0655164
-0.0675547
-0.0696747
-0.0718531
-0.0740651
-0.0762851
-0.078486
-0.0806396
-0.0827166
-0.0846863
-0.0865167
-0.0881745
-0.0896255
-0.090834
-0.0917633
-0.092376
-0.0926335
-0.0924968
-0.0919261
-0.0908817
-0.0893239
-0.0872134
-0.0845117
-0.0811816
-0.0771881
-0.0724984
-0.0670834
-0.060918
-0.0539827
-0.0462649
-0.0377603
-0.0284755
-0.0184305
-0.00766233
0.00376991
0.0157792
0.0282433
0.0409955
0.053816
0.0664238
0.0784728
0.0895564
0.0992224
0.106999
0.112444
0.115248
0.115206
0.111503
0.103714
-0.0782009
-0.0821489
-0.0844892
-0.0854295
-0.0853709
-0.084431
-0.0827536
-0.0805184
-0.0779003
-0.0750563
-0.0721226
-0.0692125
-0.0664168
-0.0638061
-0.0614325
-0.0593334
-0.0575331
-0.056046
-0.0548782
-0.0540297
-0.0534955
-0.0532668
-0.053332
-0.0536775
-0.054288
-0.0551467
-0.0562359
-0.0575371
-0.0590307
-0.0606967
-0.062514
-0.0644608
-0.0665146
-0.0686516
-0.0708474
-0.0730763
-0.0753118
-0.0775259
-0.0796895
-0.0817725
-0.0837432
-0.0855688
-0.0872153
-0.0886472
-0.0898281
-0.0907203
-0.091285
-0.0914826
-0.0912726
-0.0906141
-0.0894656
-0.0877856
-0.0855329
-0.082667
-0.0791482
-0.0749387
-0.0700028
-0.0643078
-0.057825
-0.0505303
-0.042406
-0.0334423
-0.0236391
-0.013009
-0.00158096
0.0105952
0.0234423
0.0368472
0.0506516
0.0646398
0.0785281
0.0919562
0.104487
0.115618
0.124806
0.131516
0.13534
0.13597
0.132425
0.124193
-0.0837585
-0.0885279
-0.0911921
-0.0920444
-0.0916379
-0.090166
-0.0878401
-0.0849013
-0.0815712
-0.0780397
-0.0744642
-0.0709702
-0.067654
-0.0645869
-0.061819
-0.0593833
-0.0572992
-0.0555754
-0.0542126
-0.0532056
-0.0525444
-0.052216
-0.0522046
-0.0524932
-0.0530633
-0.0538954
-0.0549695
-0.0562648
-0.05776
-0.0594334
-0.0612623
-0.0632238
-0.065294
-0.0674482
-0.0696608
-0.0719054
-0.0741544
-0.0763789
-0.0785493
-0.0806343
-0.0826017
-0.0844176
-0.0860473
-0.0874544
-0.0886015
-0.0894499
-0.0899597
-0.0900902
-0.0897996
-0.0890455
-0.0877849
-0.0859744
-0.083571
-0.0805317
-0.0768145
-0.0723785
-0.0671846
-0.0611964
-0.0543805
-0.046708
-0.0381552
-0.0287053
-0.0183504
-0.00709412
0.00504527
0.0180296
0.0317943
0.0462399
0.0612202
0.0765285
0.091883
0.106912
0.12115
0.134037
0.144947
0.153233
0.158362
0.159884
0.156591
0.147839
-0.0904674
-0.0962533
-0.0992452
-0.0998747
-0.0989213
-0.0966943
-0.0935001
-0.0896583
-0.0854461
-0.0810886
-0.0767632
-0.072604
-0.0687089
-0.0651456
-0.0619581
-0.0591718
-0.0567981
-0.054838
-0.0532847
-0.0521264
-0.051347
-0.0509283
-0.0508501
-0.0510912
-0.0516298
-0.0524436
-0.0535098
-0.0548056
-0.0563078
-0.057993
-0.0598371
-0.0618157
-0.063904
-0.0660761
-0.0683056
-0.070565
-0.072826
-0.075059
-0.0772335
-0.0793174
-0.0812777
-0.0830801
-0.0846886
-0.0860663
-0.0871748
-0.0879745
-0.0884245
-0.0884828
-0.0881066
-0.087252
-0.0858744
-0.0839287
-0.0813699
-0.0781525
-0.074232
-0.0695642
-0.0641065
-0.0578182
-0.050661
-0.0425999
-0.0336044
-0.0236496
-0.012718
-0.000801957
0.0120934
0.025945
0.0407054
0.0562937
0.0725824
0.0893812
0.106418
0.123317
0.139585
0.154606
0.167654
0.177944
0.184781
0.187522
0.184635
0.175264
-0.0987799
-0.105821
-0.109096
-0.109268
-0.107462
-0.104161
-0.0998013
-0.0948006
-0.0894981
-0.0841531
-0.0789576
-0.0740483
-0.0695174
-0.065423
-0.0617974
-0.0586539
-0.0559925
-0.0538034
-0.0520706
-0.0507739
-0.0498902
-0.0493951
-0.0492635
-0.0494698
-0.0499885
-0.0507942
-0.0518618
-0.053166
-0.0546819
-0.0563843
-0.0582479
-0.0602471
-0.0623559
-0.0645474
-0.0667944
-0.0690687
-0.071341
-0.0735812
-0.075758
-0.0778387
-0.0797896
-0.0815755
-0.0831601
-0.0845055
-0.0855725
-0.0863206
-0.0867082
-0.0866921
-0.0862283
-0.0852716
-0.0837759
-0.0816946
-0.0789803
-0.0755856
-0.0714627
-0.0665647
-0.0608448
-0.0542577
-0.0467596
-0.0383089
-0.0288673
-0.0184003
-0.00687909
0.00571785
0.0194015
0.0341682
0.0499931
0.0668208
0.0845514
0.103022
0.121982
0.141066
0.159763
0.177401
0.193142
0.206033
0.215162
0.21962
0.217401
0.207299
-0.10937
-0.117945
-0.121355
-0.120667
-0.117536
-0.112706
-0.106782
-0.100298
-0.0936548
-0.0871391
-0.0809464
-0.0752038
-0.0699876
-0.0653373
-0.0612663
-0.0577704
-0.0548337
-0.0524328
-0.05054
-0.0491251
-0.0481571
-0.0476049
-0.0474377
-0.0476254
-0.0481388
-0.0489495
-0.0500296
-0.0513519
-0.0528895
-0.054616
-0.0565046
-0.0585287
-0.0606612
-0.0628746
-0.0651407
-0.0674307
-0.0697148
-0.071962
-0.0741406
-0.0762173
-0.0781578
-0.0799264
-0.0814861
-0.0827983
-0.0838233
-0.0845198
-0.0848453
-0.0847557
-0.084206
-0.0831498
-0.0815397
-0.0793272
-0.0764632
-0.0728979
-0.0685809
-0.0634616
-0.0574897
-0.0506147
-0.042787
-0.0339579
-0.02408
-0.0131083
-0.00100045
0.012281
0.0267669
0.0424776
0.0594174
0.077565
0.09686
0.117182
0.138322
0.159944
0.181543
0.202405
0.221576
0.237898
0.250178
0.257128
0.256045
0.245118
-0.123282
-0.133679
-0.136858
-0.134618
-0.129438
-0.122431
-0.114414
-0.106042
-0.0977684
-0.0898848
-0.0825699
-0.0759229
-0.0699889
-0.0647764
-0.0602711
-0.0564443
-0.0532598
-0.0506771
-0.0486547
-0.0471513
-0.0461267
-0.0455428
-0.0453629
-0.0455525
-0.0460786
-0.0469098
-0.0480159
-0.0493678
-0.0509371
-0.0526958
-0.0546162
-0.0566707
-0.0588315
-0.0610703
-0.0633585
-0.0656664
-0.0679639
-0.0702196
-0.0724011
-0.0744749
-0.0764061
-0.0781586
-0.0796948
-0.0809758
-0.0819613
-0.0826093
-0.0828767
-0.0827186
-0.0820891
-0.0809408
-0.0792249
-0.0768917
-0.0738901
-0.070168
-0.0656727
-0.0603503
-0.0541462
-0.0470052
-0.0388715
-0.0296888
-0.0194002
-0.00794877
0.00472241
0.0186694
0.0339463
0.0506023
0.0686777
0.0881958
0.10915
0.131482
0.15505
0.179584
0.204623
0.229446
0.253005
0.273911
0.290612
0.301288
0.302191
0.290461
-0.142211
-0.154601
-0.156738
-0.151763
-0.143423
-0.133332
-0.122538
-0.111796
-0.101573
-0.0921279
-0.0835875
-0.075995
-0.0693424
-0.0635923
-0.0586913
-0.0545795
-0.0511949
-0.0484773
-0.0463695
-0.0448181
-0.0437737
-0.0431906
-0.0430268
-0.0432432
-0.0438037
-0.0446742
-0.0458224
-0.0472176
-0.0488301
-0.0506308
-0.0525914
-0.0546834
-0.0568784
-0.0591478
-0.0614623
-0.0637921
-0.0661066
-0.068374
-0.0705618
-0.072636
-0.0745616
-0.076302
-0.0778194
-0.0790745
-0.0800265
-0.0806332
-0.0808506
-0.0806337
-0.0799355
-0.0787078
-0.0769009
-0.0744637
-0.0713436
-0.0674866
-0.0628373
-0.057339
-0.0509332
-0.0435599
-0.0351571
-0.0256608
-0.0150046
-0.00311884
0.010069
0.0246354
0.0406601
0.0582259
0.0774158
0.0983079
0.120965
0.145416
0.171621
0.199423
0.228469
0.258108
0.287258
0.314324
0.337323
0.353703
0.358176
0.346058
-0.169074
-0.183125
-0.182477
-0.172757
-0.159592
-0.14518
-0.130758
-0.117106
-0.104625
-0.093467
-0.0836537
-0.0751322
-0.0678145
-0.0615985
-0.0563805
-0.0520617
-0.048551
-0.0457661
-0.0436335
-0.0420876
-0.0410698
-0.040528
-0.040415
-0.0406882
-0.0413086
-0.0422402
-0.0434491
-0.0449035
-0.0465728
-0.0484274
-0.0504382
-0.0525765
-0.0548136
-0.0571205
-0.0594678
-0.0618256
-0.0641629
-0.066448
-0.068648
-0.070729
-0.0726558
-0.0743916
-0.0758984
-0.0771368
-0.0780657
-0.0786426
-0.0788234
-0.0785623
-0.0778121
-0.0765239
-0.0746471
-0.0721297
-0.0689176
-0.0649554
-0.0601855
-0.0545483
-0.047982
-0.0404221
-0.0318009
-0.0220471
-0.0110846
0.00116832
0.0148003
0.0299085
0.0466004
0.0649949
0.0852232
0.107427
0.131755
0.158346
0.187306
0.218653
0.252234
0.287592
0.323761
0.359065
0.3911
0.41638
0.427432
0.416473
-0.209202
-0.222959
-0.215847
-0.198024
-0.177609
-0.157278
-0.138263
-0.121186
-0.106225
-0.0933166
-0.0822949
-0.0729613
-0.0651159
-0.0585735
-0.0531703
-0.0487639
-0.0452325
-0.0424718
-0.0403929
-0.0389194
-0.0379851
-0.0375326
-0.0375111
-0.0378756
-0.0385852
-0.0396026
-0.0408935
-0.0424254
-0.0441673
-0.0460894
-0.0481627
-0.0503583
-0.0526475
-0.0550014
-0.0573906
-0.059785
-0.062154
-0.0644657
-0.0666875
-0.0687853
-0.0707239
-0.0724667
-0.0739756
-0.0752111
-0.0761322
-0.0766962
-0.0768589
-0.0765743
-0.0757949
-0.0744714
-0.0725527
-0.0699859
-0.0667162
-0.0626866
-0.0578381
-0.0521087
-0.0454337
-0.0377449
-0.0289695
-0.0190296
-0.00784073
0.0046902
0.0186669
0.0342065
0.0514433
0.0705328
0.0916565
0.115026
0.140885
0.169507
0.201182
0.236176
0.274656
0.316543
0.361252
0.407343
0.452261
0.491551
0.514955
0.509646
-0.27258
-0.27965
-0.258572
-0.227245
-0.196253
-0.16813
-0.14361
-0.122793
-0.105373
-0.0909001
-0.078926
-0.0690492
-0.0609297
-0.0542873
-0.0488942
-0.0445657
-0.041152
-0.0385306
-0.0366008
-0.0352786
-0.0344934
-0.0341848
-0.0343004
-0.0347942
-0.0356251
-0.036756
-0.0381523
-0.039782
-0.0416145
-0.0436202
-0.0457705
-0.0480368
-0.0503908
-0.0528039
-0.0552468
-0.05769
-0.0601029
-0.0624541
-0.0647109
-0.0668396
-0.0688051
-0.0705711
-0.0720996
-0.0733512
-0.0742851
-0.0748586
-0.0750276
-0.0747461
-0.0739665
-0.0726394
-0.0707134
-0.0681352
-0.0648493
-0.0607981
-0.055921
-0.0501548
-0.0434324
-0.0356827
-0.0268292
-0.0167886
-0.00546961
0.00723023
0.0214271
0.0372555
0.0548734
0.0744696
0.0962726
0.120562
0.147681
0.178048
0.212168
0.250623
0.294028
0.342921
0.397498
0.457185
0.520021
0.58111
0.627477
0.639029
-0.378103
-0.360821
-0.311662
-0.258896
-0.213141
-0.175328
-0.144771
-0.120374
-0.100947
-0.0854431
-0.0730294
-0.0630607
-0.0550463
-0.0486143
-0.0434818
-0.0394321
-0.0362969
-0.0339436
-0.0322665
-0.0311795
-0.0306113
-0.0305022
-0.0308008
-0.0314623
-0.0324469
-0.0337186
-0.0352442
-0.0369927
-0.0389344
-0.0410408
-0.0432839
-0.045636
-0.0480694
-0.050556
-0.0530672
-0.0555739
-0.058046
-0.0604524
-0.062761
-0.0649383
-0.0669497
-0.068759
-0.0703287
-0.0716198
-0.0725914
-0.0732014
-0.0734057
-0.0731586
-0.0724126
-0.0711183
-0.0692245
-0.0666776
-0.0634221
-0.0593997
-0.0545495
-0.0488072
-0.0421045
-0.0343683
-0.0255198
-0.0154723
-0.00412975
0.00861662
0.0228919
0.0388428
0.0566451
0.0765129
0.0987125
0.12358
0.151548
0.183173
0.219181
0.260508
0.308337
0.36408
0.429263
0.505181
0.591896
0.685606
0.773198
0.827031
-0.569
-0.475246
-0.371473
-0.287468
-0.223105
-0.174739
-0.138815
-0.112018
-0.091768
-0.0762538
-0.0642226
-0.0548027
-0.0473841
-0.041536
-0.0369486
-0.033395
-0.0307056
-0.0287502
-0.0274275
-0.0266561
-0.0263695
-0.0265124
-0.0270371
-0.0279023
-0.0290712
-0.0305103
-0.0321885
-0.0340768
-0.036147
-0.0383721
-0.0407254
-0.0431802
-0.0457096
-0.0482867
-0.0508834
-0.0534714
-0.0560212
-0.0585024
-0.0608832
-0.0631308
-0.0652111
-0.0670882
-0.0687252
-0.0700834
-0.0711224
-0.0718003
-0.0720735
-0.0718967
-0.0712225
-0.0700021
-0.0681842
-0.0657157
-0.062541
-0.0586021
-0.053838
-0.0481841
-0.0415719
-0.0339278
-0.0251719
-0.0152165
-0.00396358
0.00869824
0.0228979
0.0387877
0.0565517
0.0764171
0.0986706
0.123682
0.15194
0.184101
0.221067
0.264095
0.314954
0.376121
0.451033
0.544215
0.660061
0.799921
0.962638
1.12313
-0.962634
-0.625337
-0.40979
-0.287863
-0.20844
-0.154574
-0.118099
-0.0927884
-0.0745863
-0.0611059
-0.0509017
-0.0430548
-0.0369658
-0.0322345
-0.0285859
-0.0258245
-0.0238075
-0.022427
-0.0215992
-0.0212571
-0.0213458
-0.0218191
-0.0226368
-0.0237639
-0.0251682
-0.0268206
-0.0286933
-0.0307602
-0.0329955
-0.0353744
-0.0378717
-0.0404623
-0.0431209
-0.0458215
-0.0485373
-0.0512408
-0.0539034
-0.0564954
-0.0589859
-0.0613429
-0.0635326
-0.06552
-0.0672686
-0.0687404
-0.0698954
-0.0706925
-0.0710883
-0.0710381
-0.0704952
-0.069411
-0.067735
-0.0654145
-0.0623945
-0.0586176
-0.0540233
-0.048548
-0.0421239
-0.0346785
-0.0261329
-0.016401
-0.00538641
0.00701977
0.0209435
0.0365335
0.0539687
0.0734704
0.095318
0.119874
0.147621
0.179221
0.21561
0.258154
0.308922
0.371153
0.450131
0.554481
0.696431
0.894549
1.20129
1.64967
-1.67246
-0.773197
-0.370163
-0.222247
-0.147618
-0.103064
-0.0761066
-0.0589275
-0.0470953
-0.0384649
-0.0319492
-0.0269332
-0.0230464
-0.0200546
-0.0178014
-0.0161764
-0.0150979
-0.0145026
-0.0143399
-0.0145676
-0.0151496
-0.0160543
-0.0172529
-0.0187194
-0.0204288
-0.0223578
-0.0244836
-0.0267837
-0.0292359
-0.031818
-0.0345074
-0.0372811
-0.0401154
-0.0429859
-0.0458674
-0.0487336
-0.0515571
-0.0543092
-0.05696
-0.0594783
-0.0618313
-0.0639847
-0.0659029
-0.0675483
-0.068882
-0.0698632
-0.0704495
-0.0705967
-0.0702589
-0.0693881
-0.0679347
-0.0658468
-0.0630704
-0.0595492
-0.0552242
-0.0500331
-0.0439103
-0.0367857
-0.0285839
-0.0192228
-0.00861157
0.00335128
0.0167818
0.031815
0.0486113
0.0673655
0.08832
0.111784
0.138162
0.168004
0.202078
0.241514
0.288066
0.344666
0.416718
0.514978
0.660999
0.90762
1.42942
2.45112
)
;

boundaryField
{
    movingWall
    {
        type            zeroGradient;
    }
    fixedWalls
    {
        type            zeroGradient;
    }
    frontAndBack
    {
        type            empty;
    }
}


// ************************************************************************* //
