/*--------------------------------*- C++ -*----------------------------------*\
| =========                 |                                                 |
| \\      /  F ield         | OpenFOAM: The Open Source CFD Toolbox           |
|  \\    /   O peration     | Version:  2506                                  |
|   \\  /    A nd           | Website:  www.openfoam.com                      |
|    \\/     M anipulation  |                                                 |
\*---------------------------------------------------------------------------*/
FoamFile
{
    version     2.0;
    format      ascii;
    arch        "LSB;label=32;scalar=64";
    class       volScalarField;
    location    "0.675";
    object      p;
}
// * * * * * * * * * * * * * * * * * * * * * * * * * * * * * * * * * * * * * //

dimensions      [0 2 -2 0 0 0 0];

internalField   nonuniform List<scalar> 
6400
(
-1.08469e-07
1.19646e-05
-0.000495475
-0.00152936
-0.00297298
-0.00471615
-0.00665848
-0.00871043
-0.0107948
-0.0128461
-0.0148091
-0.0166375
-0.018293
-0.0197438
-0.0209642
-0.0219333
-0.022635
-0.0230571
-0.023191
-0.0230315
-0.0225759
-0.0218244
-0.0207793
-0.0194454
-0.0178289
-0.0159382
-0.0137832
-0.011375
-0.00872637
-0.00585115
-0.00276437
0.000517935
0.00397876
0.00760024
0.0113637
0.0152497
0.0192384
0.0233089
0.0274404
0.0316112
0.0357995
0.0399833
0.0441402
0.048248
0.0522845
0.0562275
0.0600552
0.0637461
0.0672794
0.0706347
0.0737927
0.0767348
0.0794436
0.0819031
0.0840986
0.0860171
0.0876474
0.0889802
0.0900085
0.0907279
0.0911362
0.0912345
0.0910268
0.0905204
0.0897264
0.0886598
0.08734
0.0857911
0.0840426
0.0821298
0.0800943
0.0779855
0.0758608
0.0737873
0.0718427
0.0701155
0.0687029
0.067709
0.0672408
0.0672785
-1.24247e-05
5.30586e-07
-0.000453683
-0.00133782
-0.00255281
-0.00401931
-0.00566142
-0.00740672
-0.00918993
-0.0109538
-0.0126486
-0.0142318
-0.0156672
-0.0169246
-0.0179788
-0.0188095
-0.0194004
-0.0197391
-0.0198163
-0.019626
-0.019165
-0.0184324
-0.0174298
-0.0161605
-0.0146301
-0.0128457
-0.010816
-0.00855106
-0.00606246
-0.00336287
-0.000466073
0.00261308
0.00585882
0.00925452
0.0127828
0.0164255
0.0201639
0.0239787
0.0278502
0.0317583
0.0356824
0.039602
0.0434961
0.0473439
0.0511246
0.0548177
0.0584028
0.0618598
0.0651696
0.0683132
0.0712728
0.0740314
0.0765731
0.0788832
0.0809485
0.0827574
0.0842998
0.085568
0.0865559
0.0872602
0.0876797
0.0878162
0.0876743
0.0872619
0.0865902
0.0856743
0.0845332
0.0831903
0.0816736
0.0800165
0.0782578
0.0764426
0.0746224
0.0728557
0.0712079
0.0697504
0.0685564
0.0677008
0.0672772
0.067316
0.000493571
0.000455551
1.19144e-06
-0.000815307
-0.00190697
-0.0032103
-0.00466417
-0.00620842
-0.00778732
-0.00935081
-0.0108546
-0.0122601
-0.0135338
-0.0146473
-0.0155769
-0.0163028
-0.0168093
-0.017084
-0.0171177
-0.016904
-0.0164392
-0.0157219
-0.014753
-0.0135352
-0.0120733
-0.0103736
-0.00844384
-0.00629337
-0.00393273
-0.00137368
0.00137096
0.00428732
0.00736063
0.0105753
0.0139149
0.0173624
0.0209002
0.02451
0.0281732
0.0318708
0.0355834
0.0392914
0.0429754
0.0466154
0.0501921
0.0536858
0.0570776
0.0603486
0.0634806
0.0664562
0.0692586
0.0718719
0.0742813
0.0764734
0.078436
0.0801584
0.0816318
0.0828489
0.0838049
0.0844968
0.0849243
0.0850895
0.0849974
0.0846559
0.0840763
0.0832732
0.0822649
0.0810737
0.0797261
0.0782531
0.0766906
0.0750795
0.0734656
0.0719001
0.0704388
0.0691411
0.0680664
0.0672749
0.0668521
0.0668497
0.00152679
0.00134192
0.000817829
-2.01941e-06
-0.00105109
-0.00227556
-0.00362366
-0.00504472
-0.00649108
-0.00791911
-0.00928959
-0.0105678
-0.0117233
-0.0127301
-0.013566
-0.0142124
-0.0146545
-0.0148801
-0.0148805
-0.0146492
-0.0141824
-0.0134785
-0.0125379
-0.0113629
-0.00995779
-0.00832817
-0.00648126
-0.00442562
-0.00217107
0.000271389
0.00288972
0.00567088
0.00860095
0.0116652
0.014848
0.0181334
0.0215045
0.0249441
0.0284343
0.0319573
0.0354945
0.0390275
0.0425375
0.0460058
0.0494139
0.0527432
0.0559757
0.0590936
0.0620796
0.0649173
0.0675907
0.0700851
0.0723865
0.0744823
0.076361
0.0780129
0.0794298
0.0806051
0.0815345
0.0822154
0.0826479
0.0828344
0.0827798
0.0824919
0.0819816
0.0812628
0.080353
0.0792731
0.0780478
0.0767056
0.0752792
0.0738053
0.0723249
0.0708825
0.0695263
0.0683069
0.0672746
0.0664812
0.0659947
0.0658591
0.00297636
0.00256488
0.00191297
0.00104014
-1.62659e-05
-0.00121137
-0.00250125
-0.00384363
-0.0051982
-0.00652742
-0.00779704
-0.00897637
-0.0100383
-0.0109591
-0.0117186
-0.0122998
-0.0126885
-0.0128737
-0.0128469
-0.0126018
-0.0121348
-0.0114441
-0.01053
-0.00939444
-0.0080412
-0.00647549
-0.00470397
-0.00273461
-0.00057658
0.00175981
0.00426323
0.00692138
0.00972111
0.0126485
0.0156887
0.0188266
0.0220461
0.0253309
0.0286641
0.0320285
0.0354066
0.0387808
0.0421331
0.045446
0.0487016
0.0518823
0.054971
0.0579509
0.0608054
0.063519
0.0660766
0.0684642
0.0706686
0.0726779
0.0744815
0.0760701
0.0774361
0.0785735
0.0794782
0.0801482
0.0805835
0.0807866
0.0807623
0.0805182
0.0800644
0.0794141
0.0785837
0.0775924
0.076463
0.0752214
0.073897
0.0725227
0.0711342
0.0697705
0.0684724
0.0672826
0.0662442
0.0654011
0.0647943
0.0644464
0.00474009
0.00405157
0.00322863
0.00226249
0.00115728
-5.00225e-05
-0.00132214
-0.00262435
-0.00392306
-0.00518639
-0.00638484
-0.00749164
-0.00848289
-0.00933754
-0.0100374
-0.010567
-0.0109135
-0.0110668
-0.0110188
-0.010764
-0.0102987
-0.00962131
-0.00873198
-0.00763255
-0.00632645
-0.00481855
-0.00311506
-0.00122345
0.000847653
0.00308855
0.00548853
0.00803597
0.0107184
0.0135226
0.0164346
0.0194398
0.0225231
0.0256688
0.0288609
0.032083
0.0353184
0.0385503
0.0417616
0.0449353
0.0480547
0.0511029
0.0540634
0.0569203
0.0596579
0.0622612
0.064716
0.0670089
0.0691274
0.0710602
0.0727971
0.0743295
0.0756502
0.0767534
0.0776354
0.0782943
0.0787302
0.0789454
0.0789445
0.0787345
0.0783249
0.0777279
0.0769586
0.0760346
0.0749765
0.0738078
0.0725546
0.0712458
0.0699127
0.0685886
0.0673082
0.0661069
0.0650217
0.0640893
0.0633195
0.0627082
0.0067272
0.00573334
0.00470946
0.00361847
0.00243047
0.00117593
-0.000113318
-0.00140921
-0.00268417
-0.00391147
-0.00506605
-0.00612488
-0.00706717
-0.00787447
-0.00853071
-0.00902215
-0.00933733
-0.00946702
-0.0094041
-0.00914345
-0.00868184
-0.00801783
-0.00715163
-0.00608503
-0.00482126
-0.00336494
-0.00172195
0.000100643
0.00209468
0.00425095
0.00655932
0.00900873
0.0115873
0.0142825
0.0170811
0.019969
0.0229319
0.0259548
0.0290224
0.032119
0.0352287
0.0383353
0.0414225
0.0444742
0.047474
0.050406
0.0532545
0.0560039
0.0586395
0.0611468
0.0635121
0.0657226
0.0677665
0.0696328
0.0713118
0.0727953
0.0740762
0.0751492
0.0760106
0.0766585
0.0770929
0.0773158
0.0773315
0.0771463
0.0767691
0.0762109
0.0754853
0.0746083
0.0735985
0.0724768
0.0712662
0.0699921
0.0686814
0.0673627
0.0660649
0.064817
0.0636512
0.0625981
0.0616351
0.0607311
0.00885827
0.0075456
0.00630161
0.00506264
0.00376575
0.00243626
0.0011016
-0.000215984
-0.00149419
-0.00271093
-0.00384519
-0.00487746
-0.00578993
-0.00656668
-0.00719374
-0.00765912
-0.00795278
-0.00806661
-0.00799435
-0.00773155
-0.00727544
-0.00662488
-0.00578026
-0.00474338
-0.00351742
-0.00210683
-0.000517237
0.0012446
0.0031709
0.00525287
0.00748084
0.00984428
0.0123319
0.0149316
0.0176307
0.020416
0.0232735
0.0261891
0.029148
0.0321352
0.0351353
0.0381328
0.0411122
0.0440579
0.0469542
0.0497857
0.0525373
0.0551941
0.0577418
0.0601665
0.062455
0.064595
0.0665749
0.0683843
0.0700138
0.0714552
0.0727019
0.0737485
0.0745913
0.0752284
0.0756595
0.0758863
0.0759125
0.075744
0.0753884
0.0748559
0.0741586
0.0733108
0.072329
0.0712317
0.0700391
0.0687732
0.0674572
0.0661151
0.0647711
0.0634486
0.0621759
0.0609785
0.0598026
0.0585915
0.0110662
0.00943081
0.00795564
0.0065524
0.00512717
0.00370123
0.00229862
0.000936564
-0.000367274
-0.00159487
-0.00272887
-0.003753
-0.00465228
-0.00541319
-0.0060238
-0.00647387
-0.0067548
-0.00685963
-0.00678307
-0.00652138
-0.00607234
-0.00543521
-0.0046106
-0.00360047
-0.002408
-0.00103755
0.000505409
0.00221435
0.00408178
0.00609927
0.00825754
0.0105465
0.0129553
0.0154723
0.0180855
0.0207821
0.0235487
0.0263717
0.0292369
0.0321299
0.0350359
0.0379399
0.0408269
0.0436819
0.0464899
0.0492358
0.0519051
0.0544833
0.0569567
0.0593117
0.0615355
0.0636162
0.0655425
0.0673042
0.0688921
0.0702982
0.071516
0.0725399
0.0733664
0.0739931
0.0744196
0.0746471
0.0746788
0.0745195
0.0741764
0.0736581
0.0729755
0.0721414
0.07117
0.0700777
0.0688821
0.067602
0.0662574
0.0648684
0.0634548
0.0620357
0.0606359
0.0592775
0.057877
0.0563536
0.0132949
0.0113388
0.00962702
0.00804864
0.00648088
0.00494205
0.00345366
0.00202872
0.000680852
-0.000575493
-0.00172621
-0.00275797
-0.00365838
-0.00441621
-0.00502151
-0.0054657
-0.00574161
-0.00584349
-0.005767
-0.00550919
-0.00506847
-0.00444452
-0.00363829
-0.00265192
-0.00148868
-0.000152934
0.00134994
0.00301358
0.00483071
0.00679319
0.00889204
0.0111176
0.0134593
0.0159061
0.0184463
0.0210676
0.0237572
0.0265018
0.0292879
0.0321014
0.034928
0.0377535
0.0405631
0.0433423
0.0460765
0.0487512
0.0513522
0.0538655
0.0562776
0.0585753
0.0607462
0.0627785
0.0646611
0.0663841
0.0679383
0.0693158
0.0705099
0.0715152
0.0723278
0.072945
0.0733661
0.0735918
0.0736245
0.0734685
0.0731296
0.0726157
0.0719362
0.0711021
0.070126
0.0690221
0.0678055
0.0664925
0.0650999
0.0636447
0.062143
0.0606099
0.0590681
0.0575372
0.0559057
0.054071
0.0154977
0.013226
0.011276
0.00951568
0.0077954
0.00613133
0.00454328
0.00304073
0.00163385
0.000333989
-0.000847639
-0.00190033
-0.00281407
-0.00357976
-0.00418929
-0.00463572
-0.00491326
-0.00501734
-0.00494461
-0.00469293
-0.00426135
-0.00365007
-0.0028604
-0.00189473
-0.000756481
0.00054992
0.00201912
0.00364486
0.00542002
0.00733667
0.00938611
0.0115589
0.013845
0.0162335
0.0187133
0.0212723
0.0238982
0.0265783
0.0292992
0.0320475
0.0348092
0.0375705
0.0403171
0.0430348
0.0457094
0.0483269
0.0508732
0.0533348
0.0556983
0.0579509
0.0600802
0.0620748
0.0639236
0.0656167
0.067145
0.0685006
0.0696766
0.0706674
0.0714688
0.0720779
0.0724933
0.0727154
0.0727458
0.0725878
0.0722466
0.0717287
0.0710421
0.0701966
0.069203
0.0680733
0.0668207
0.0654591
0.0640026
0.0624655
0.0608607
0.0592004
0.0575058
0.0557945
0.0539295
0.0517878
0.0176352
0.0150548
0.0128674
0.0109212
0.00904155
0.0072432
0.00554485
0.00395308
0.00247517
0.00111975
-0.000104484
-0.00118917
-0.00212648
-0.00290922
-0.00353106
-0.00398657
-0.0042713
-0.00438185
-0.00431584
-0.00407195
-0.0036499
-0.00305044
-0.00227527
-0.0013271
-0.000209551
0.00107286
0.00251473
0.00410984
0.00585118
0.00773097
0.00974072
0.0118712
0.0141127
0.0164546
0.0188861
0.0213955
0.0239708
0.0265996
0.029269
0.0319658
0.0346766
0.0373878
0.0400854
0.0427555
0.0453844
0.0479582
0.0504631
0.0528858
0.0552131
0.0574324
0.0595315
0.0614988
0.0633235
0.0649956
0.0665059
0.0678463
0.0690098
0.0699906
0.070784
0.0713867
0.071797
0.0720144
0.07204
0.0718762
0.0715271
0.0709982
0.0702963
0.0694297
0.0684076
0.0672405
0.0659394
0.0645162
0.0629828
0.0613511
0.0596317
0.0578341
0.0559786
0.0540822
0.0519835
0.0495407
0.019674
0.0167924
0.0143699
0.012236
0.0101924
0.00825332
0.00643667
0.00474668
0.00318819
0.00176753
0.000491179
-0.000634589
-0.00160387
-0.00241128
-0.00305208
-0.00352229
-0.00381873
-0.00393912
-0.00388205
-0.00364701
-0.0032344
-0.00264552
-0.00188253
-0.000948466
0.00015281
0.00141662
0.00283748
0.00440918
0.00612473
0.00797647
0.00995605
0.0120545
0.0142621
0.0165688
0.0189638
0.0214359
0.0239733
0.0265638
0.029195
0.0318539
0.0345273
0.037202
0.0398643
0.0425005
0.0450971
0.0476404
0.050117
0.0525134
0.0548168
0.0570145
0.0590944
0.0610449
0.0628552
0.0645151
0.0660154
0.0673476
0.0685046
0.0694801
0.0702691
0.070868
0.0712742
0.0714867
0.0715059
0.0713333
0.0709721
0.0704267
0.0697027
0.0688071
0.0677477
0.0665334
0.0651735
0.0636781
0.0620573
0.060321
0.0584778
0.0565352
0.0545133
0.0524287
0.0500976
0.0473602
0.0215852
0.0184101
0.0157554
0.0134334
0.0112232
0.00913879
0.00719794
0.00540288
0.00375637
0.0022628
0.000926734
-0.000247411
-0.00125547
-0.00209368
-0.00275879
-0.00324816
-0.00355982
-0.00369256
-0.0036459
-0.00342014
-0.00301636
-0.00243642
-0.00168296
-0.000759372
0.000330209
0.00158091
0.00298713
0.0045426
0.00624033
0.00807273
0.0100315
0.0121079
0.0142924
0.016575
0.0189451
0.0213919
0.0239037
0.0264688
0.0290747
0.0317088
0.0343582
0.0370098
0.0396502
0.0422659
0.0448434
0.0473693
0.0498302
0.0522129
0.0545044
0.0566922
0.0587639
0.0607081
0.0625137
0.0641705
0.0656688
0.0670002
0.0681569
0.0691324
0.0699212
0.0705191
0.0709231
0.0711313
0.0711434
0.0709603
0.0705839
0.0700178
0.0692664
0.0683354
0.0672315
0.0659621
0.0645351
0.062959
0.0612423
0.0593935
0.0574194
0.055326
0.0531338
0.0508594
0.0482976
0.0452719
0.0233437
0.0198823
0.0169989
0.0144891
0.0121108
0.00987809
0.00780878
0.00590351
0.00416331
0.00259089
0.00118916
-3.91004e-05
-0.00109128
-0.00196509
-0.00265864
-0.00317054
-0.00349997
-0.00364672
-0.00361122
-0.00339454
-0.00299846
-0.00242539
-0.00167846
-0.00076144
0.00032123
0.00156445
0.00296248
0.00450893
0.00619681
0.00801851
0.00996584
0.01203
0.0142018
0.0164712
0.018828
0.0212613
0.0237598
0.0263118
0.0289052
0.0315275
0.034166
0.0368077
0.0394393
0.0420476
0.0446192
0.0471406
0.0495986
0.0519799
0.0542715
0.0564608
0.0585356
0.060484
0.0622948
0.0639575
0.0654624
0.0668004
0.0679635
0.0689447
0.0697381
0.0703387
0.0707429
0.0709483
0.0709537
0.0707591
0.0703657
0.0697759
0.0689931
0.068022
0.066868
0.0655372
0.0640364
0.0623728
0.0605536
0.0585859
0.0564754
0.0542269
0.0518615
0.0493963
0.0466059
0.0432977
0.0249275
0.0211862
0.0180775
0.0153809
0.0128339
0.0104509
0.00825012
0.00623092
0.00439279
0.00273704
0.00126512
-2.16219e-05
-0.00112198
-0.00203497
-0.00275998
-0.00329678
-0.00364561
-0.00380722
-0.00378289
-0.00357449
-0.00318443
-0.00261572
-0.00187194
-0.00095728
0.0001235
0.00136505
0.00276145
0.00430619
0.0059922
0.00781185
0.00975696
0.0118188
0.0139882
0.0162554
0.0186101
0.0210416
0.0235388
0.0260901
0.0286835
0.0313068
0.0339472
0.036592
0.039228
0.0418419
0.0444205
0.0469502
0.0494178
0.0518101
0.0541139
0.0563164
0.0584054
0.0603686
0.0621947
0.0638729
0.0653929
0.0667455
0.0679222
0.0689153
0.0697184
0.0703261
0.0707339
0.0709388
0.0709387
0.0707328
0.0703215
0.0697062
0.0688894
0.0678747
0.0666663
0.0652694
0.0636897
0.0619332
0.0600061
0.0579148
0.0556636
0.0532566
0.0507159
0.0480594
0.0450422
0.041456
0.0263167
0.022301
0.0189702
0.016088
0.0133722
0.0108378
0.00850362
0.00636785
0.00442876
0.00268642
0.00114101
-0.000207377
-0.0013588
-0.00231348
-0.00307196
-0.00363507
-0.00400407
-0.0041806
-0.0041668
-0.00396525
-0.00357901
-0.00301165
-0.00226727
-0.00135043
-0.000266253
0.000979651
0.00238115
0.00393158
0.00562378
0.00745005
0.00940221
0.0114715
0.0136489
0.0159245
0.0182883
0.0207296
0.0232374
0.0258002
0.0284061
0.031043
0.0336982
0.036359
0.0390123
0.0416448
0.0442432
0.0467941
0.049284
0.0516995
0.0540276
0.0562552
0.0583696
0.0603585
0.0622103
0.0639136
0.065458
0.0668335
0.0680313
0.0690432
0.069862
0.0704817
0.0708972
0.0711047
0.0711013
0.0708853
0.0704564
0.0698149
0.0689625
0.0679018
0.0666361
0.0651697
0.0635071
0.0616537
0.0596147
0.0573958
0.0550005
0.0524325
0.0497149
0.0468666
0.043624
0.0397635
0.0274931
0.0232076
0.0196575
0.0165909
0.0137067
0.0110203
0.0085515
0.00629743
0.00425531
0.00242414
0.000803003
-0.000609156
-0.00181351
-0.00281141
-0.00360442
-0.0041944
-0.00458353
-0.00477433
-0.00476971
-0.00457297
-0.00418781
-0.00361837
-0.0028692
-0.00194531
-0.00085215
0.000404366
0.00181788
0.00338155
0.0050881
0.00692975
0.00889824
0.0109849
0.0131804
0.0154753
0.0178593
0.0203219
0.0228521
0.0254386
0.0280694
0.0307324
0.0334151
0.0361048
0.0387882
0.0414522
0.0440834
0.0466682
0.0491931
0.0516445
0.054009
0.0562735
0.0584249
0.0604508
0.0623388
0.0640774
0.0656555
0.0670629
0.06829
0.0693279
0.0701691
0.0708066
0.0712347
0.0714487
0.071445
0.0712212
0.0707758
0.0701085
0.0692202
0.0681124
0.0667876
0.0652492
0.0635011
0.0615477
0.0593937
0.0570442
0.0545022
0.051771
0.048875
0.0458345
0.0423671
0.0382346
0.0284397
0.0238881
0.0201209
0.0168712
0.013819
0.0109806
0.00837644
0.00600302
0.0038566
0.00193524
0.000237027
-0.00124011
-0.00249838
-0.00354011
-0.00436788
-0.00498447
-0.00539294
-0.00559663
-0.00559921
-0.00540466
-0.00501732
-0.00444185
-0.00368332
-0.00274713
-0.00163911
-0.000365458
0.00106721
0.00265186
0.00438105
0.00624691
0.0082411
0.0103549
0.012579
0.0149037
0.0173191
0.0198145
0.022379
0.0250012
0.0276692
0.0303709
0.0330939
0.0358252
0.0385518
0.0412603
0.0439371
0.0465687
0.0491413
0.0516412
0.0540546
0.0563681
0.0585685
0.0606426
0.062578
0.0643624
0.0659843
0.0674328
0.0686979
0.06977
0.0706407
0.0713025
0.0717488
0.0719742
0.0719742
0.0717456
0.0712861
0.0705945
0.0696708
0.0685157
0.0671311
0.0655194
0.063684
0.0616285
0.0593573
0.0568748
0.054184
0.0512878
0.0482119
0.0449783
0.0412864
0.0368828
0.0291403
0.0243254
0.020343
0.0169112
0.0136914
0.0107011
0.00796141
0.00546818
0.00321684
0.00120463
-0.000571228
-0.00211376
-0.00342609
-0.0045115
-0.00537347
-0.00601566
-0.00644195
-0.0066565
-0.00666366
-0.00646812
-0.00607479
-0.00548891
-0.004716
-0.0037619
-0.00263279
-0.0013352
0.000123998
0.00173756
0.00349787
0.00539691
0.00742626
0.00957707
0.0118401
0.0142056
0.0166635
0.0192032
0.0218137
0.0244837
0.0272012
0.0299543
0.0327302
0.035516
0.0382987
0.0410647
0.0438003
0.0464917
0.0491249
0.0516861
0.054161
0.0565361
0.0587974
0.0609317
0.0629258
0.064767
0.0664432
0.0679429
0.0692553
0.0703702
0.0712785
0.0719719
0.0724429
0.0726854
0.072694
0.0724646
0.0719941
0.0712806
0.0703231
0.0691218
0.0676775
0.0659922
0.0640685
0.0619096
0.0595195
0.0569024
0.0540608
0.0509978
0.0477407
0.0443128
0.0403955
0.0357208
0.0295793
0.024503
0.0203066
0.0166935
0.0133068
0.0101647
0.0072896
0.0046765
0.00232016
0.000217079
-0.00163634
-0.00324397
-0.00460981
-0.005738
-0.00663289
-0.00729896
-0.00774091
-0.00796361
-0.00797216
-0.00777185
-0.00736823
-0.00676705
-0.00597432
-0.00499631
-0.00383957
-0.00251093
-0.00101756
0.000633081
0.00243316
0.00437453
0.00644862
0.00864652
0.0109589
0.0133759
0.0158875
0.018483
0.0211515
0.0238814
0.0266609
0.0294778
0.0323194
0.0351728
0.0380246
0.0408612
0.0436687
0.0464331
0.0491402
0.0517756
0.0543251
0.0567743
0.0591092
0.0613158
0.0633805
0.0652901
0.0670317
0.0685931
0.0699628
0.07113
0.0720847
0.0728177
0.0733208
0.0735869
0.0736099
0.0733848
0.0729076
0.0721755
0.0711868
0.0699409
0.0684381
0.0666795
0.0646674
0.0624046
0.0598945
0.0571414
0.0541475
0.0509161
0.047476
0.0438523
0.0397081
0.0347606
0.0297414
0.0244047
0.0199951
0.0162012
0.012648
0.00935455
0.00634422
0.00361156
0.00115058
-0.00104289
-0.0029732
-0.004645
-0.00606313
-0.00723255
-0.0081584
-0.00884599
-0.00930076
-0.00952832
-0.00953445
-0.00932508
-0.00890632
-0.00828449
-0.00746606
-0.00645773
-0.00526644
-0.00389934
-0.00236388
-0.000667766
0.00118097
0.00317397
0.00530257
0.00755772
0.00992998
0.0124095
0.0149861
0.017649
0.0203873
0.0231893
0.0260432
0.0289366
0.0318569
0.0347908
0.0377249
0.0406454
0.0435382
0.046389
0.0491833
0.0519064
0.0545436
0.0570802
0.0595015
0.0617932
0.0639409
0.0659309
0.0677495
0.0693839
0.0708218
0.0720514
0.073062
0.0738435
0.074387
0.0746843
0.0747284
0.0745134
0.0740345
0.0732882
0.0722718
0.0709841
0.0694246
0.0675941
0.0654942
0.0631273
0.0604968
0.0576065
0.054459
0.0510574
0.0474325
0.0436109
0.0392374
0.0340143
0.0296115
0.0240145
0.0193918
0.0154174
0.0116979
0.00825352
0.00510845
0.00225679
-0.00030809
-0.00259102
-0.00459702
-0.00633152
-0.00780011
-0.00900857
-0.00996282
-0.0106689
-0.0111331
-0.0113616
-0.0113609
-0.0111376
-0.0106984
-0.0100501
-0.00919963
-0.00815418
-0.00692104
-0.00550773
-0.00392196
-0.00217171
-0.000265232
0.00178895
0.00398198
0.00630469
0.00874754
0.0113006
0.0139535
0.0166956
0.0195156
0.0224021
0.0253429
0.0283257
0.0313375
0.0343651
0.0373949
0.0404127
0.0434044
0.0463552
0.0492503
0.0520748
0.0548133
0.0574508
0.059972
0.0623619
0.0646057
0.0666887
0.0685968
0.0703161
0.0718336
0.0731367
0.0742136
0.0750535
0.0756464
0.0759832
0.0760561
0.0758582
0.0753838
0.0746284
0.0735888
0.0722629
0.0706496
0.0687491
0.0665626
0.0640921
0.0613409
0.0583129
0.0550104
0.0514369
0.0476249
0.0436028
0.0389969
0.0334941
0.0291741
0.0233162
0.0184802
0.0143252
0.0104396
0.00684451
0.00356525
0.000595388
-0.00207235
-0.00444338
-0.00652342
-0.00831861
-0.0098353
-0.01108
-0.0120595
-0.0127805
-0.01325
-0.013475
-0.0134626
-0.01322
-0.0127545
-0.0120733
-0.011184
-0.0100942
-0.00881157
-0.00734393
-0.00569933
-0.003886
-0.00191242
0.000212675
0.00248027
0.00488104
0.00740532
0.0100431
0.0127839
0.0156169
0.0185309
0.0215141
0.0245545
0.0276395
0.030756
0.0338907
0.0370296
0.0401586
0.0432629
0.0463276
0.0493376
0.0522773
0.0551312
0.0578836
0.0605186
0.0630205
0.0653739
0.0675633
0.0695738
0.0713908
0.0730002
0.0743885
0.0755431
0.0764521
0.0771045
0.0774903
0.0776006
0.0774276
0.0769647
0.0762066
0.0751491
0.0737894
0.0721259
0.0701581
0.0678868
0.0653139
0.0624423
0.0592759
0.0558173
0.0520699
0.0480683
0.0438428
0.0390004
0.0332127
0.0284137
0.0222934
0.0172432
0.0129073
0.00885556
0.00511012
0.00169731
-0.00138979
-0.00415904
-0.00661647
-0.00876846
-0.0106218
-0.0121837
-0.0134614
-0.0144624
-0.0151942
-0.0156644
-0.0158808
-0.0158511
-0.0155832
-0.015085
-0.0143642
-0.0134288
-0.012287
-0.0109467
-0.00941629
-0.00770398
-0.00581833
-0.00376804
-0.00156204
0.000790462
0.00327998
0.00589671
0.0086305
0.0114708
0.0144067
0.0174269
0.0205195
0.0236722
0.0268725
0.030107
0.0333622
0.036624
0.0398779
0.043109
0.0463019
0.049441
0.0525105
0.0554942
0.0583758
0.0611391
0.0637674
0.0662446
0.0685544
0.0706812
0.0726093
0.0743238
0.0758101
0.0770547
0.0780444
0.0787674
0.0792126
0.07937
0.0792308
0.0787875
0.0780338
0.0769646
0.0755765
0.0738671
0.0718355
0.069482
0.0668081
0.0638167
0.0605118
0.0568958
0.0529726
0.0487786
0.0443459
0.0392623
0.0331833
0.027314
0.0209294
0.0156638
0.0111462
0.00692814
0.00303256
-0.000513117
-0.0037163
-0.00658548
-0.00912726
-0.0113487
-0.0132573
-0.014861
-0.0161678
-0.0171859
-0.0179237
-0.0183894
-0.0185916
-0.0185386
-0.0182389
-0.017701
-0.0169332
-0.0159441
-0.0147421
-0.0133358
-0.0117336
-0.00994438
-0.00797683
-0.0058399
-0.00354276
-0.00109478
0.00149438
0.00421477
0.00705611
0.0100078
0.0130587
0.0161974
0.019412
0.02269
0.0260188
0.0293848
0.0327743
0.0361729
0.0395659
0.042938
0.0462736
0.0495566
0.0527706
0.055899
0.058925
0.0618314
0.0646011
0.067217
0.0696621
0.0719197
0.0739733
0.0758068
0.0774049
0.0787526
0.0798359
0.0806416
0.0811576
0.0813728
0.0812774
0.0808628
0.0801217
0.0790482
0.0776379
0.0758879
0.0737966
0.071364
0.0685912
0.065481
0.0620374
0.058263
0.0541618
0.0497722
0.0451284
0.0397978
0.0334199
0.0258586
0.0192069
0.013724
0.00902387
0.00463908
0.000593551
-0.00308426
-0.00640224
-0.0093695
-0.0119933
-0.0142813
-0.0162417
-0.0178833
-0.0192148
-0.0202452
-0.0209835
-0.021439
-0.0216206
-0.0215377
-0.0211991
-0.0206141
-0.0197915
-0.0187404
-0.0174696
-0.0159882
-0.0143051
-0.0124293
-0.01037
-0.00813618
-0.00573736
-0.00318309
-0.000483171
0.00235229
0.00531289
0.00838785
0.011566
0.0148358
0.0181852
0.0216017
0.0250723
0.0285834
0.0321211
0.0356707
0.0392172
0.0427451
0.0462382
0.0496801
0.053054
0.0563425
0.0595283
0.0625934
0.0655201
0.0682904
0.0708863
0.0732902
0.0754845
0.0774522
0.0791766
0.0806417
0.0818323
0.082734
0.0833334
0.0836184
0.0835778
0.083202
0.0824828
0.0814132
0.079988
0.0782034
0.0760575
0.0735495
0.0706804
0.0674528
0.0638707
0.0599367
0.0556552
0.0510667
0.046207
0.0406233
0.0339377
0.0240301
0.0171078
0.0114056
0.00652166
0.00196957
-0.00222581
-0.00603496
-0.0094663
-0.0125296
-0.0152326
-0.0175839
-0.0195923
-0.0212674
-0.0226186
-0.0236558
-0.0243888
-0.0248275
-0.0249818
-0.0248616
-0.0244765
-0.0238362
-0.0229504
-0.0218285
-0.0204799
-0.0189141
-0.0171403
-0.015168
-0.0130065
-0.0106653
-0.00815397
-0.00548231
-0.00266028
0.000301883
0.00339363
0.00660407
0.00992194
0.0133356
0.0168328
0.020401
0.0240269
0.027697
0.031397
0.035112
0.0388267
0.0425252
0.0461911
0.0498075
0.0533569
0.0568214
0.060183
0.0634232
0.0665232
0.0694642
0.0722273
0.0747938
0.0771451
0.0792629
0.0811293
0.0827272
0.08404
0.0850521
0.0857487
0.0861165
0.086143
0.0858174
0.0851304
0.084074
0.0826421
0.0808301
0.0786352
0.0760563
0.073094
0.0697508
0.0660305
0.061936
0.0574719
0.0526806
0.0476001
0.041756
0.0347531
0.0218104
0.0146137
0.00868936
0.00362016
-0.00109995
-0.00544513
-0.0093848
-0.0129279
-0.0160849
-0.0188642
-0.021275
-0.0233271
-0.0250306
-0.0263961
-0.027434
-0.0281551
-0.02857
-0.0286895
-0.028524
-0.028084
-0.0273799
-0.0264218
-0.0252198
-0.0237838
-0.0221236
-0.020249
-0.0181697
-0.0158954
-0.0134359
-0.0108009
-0.00800047
-0.00504471
-0.001944
0.00129099
0.00464926
0.00811944
0.0116897
0.0153479
0.0190812
0.0228763
0.0267194
0.030596
0.034491
0.0383889
0.0422734
0.0461276
0.0499343
0.0536753
0.0573324
0.0608865
0.0643185
0.0676089
0.0707378
0.0736854
0.0764317
0.0789571
0.081242
0.0832674
0.0850146
0.0864657
0.0876038
0.0884127
0.0888775
0.0889846
0.0887219
0.0880787
0.087046
0.0856166
0.0837851
0.0815479
0.0789033
0.0758516
0.0723949
0.0685373
0.0642814
0.0596321
0.054634
0.0493272
0.0432149
0.0358839
0.0191808
0.0117048
0.00555541
0.000299149
-0.00458987
-0.00908486
-0.0131541
-0.0168073
-0.0200553
-0.0229076
-0.0253738
-0.0274646
-0.0291912
-0.0305647
-0.0315966
-0.0322985
-0.0326819
-0.0327583
-0.032539
-0.0320352
-0.0312579
-0.0302178
-0.0289258
-0.0273921
-0.0256272
-0.0236411
-0.021444
-0.0190458
-0.0164567
-0.0136865
-0.0107457
-0.00764429
-0.00439294
-0.0010024
0.00251624
0.00615152
0.00989155
0.013724
0.017636
0.0216142
0.0256444
0.0297122
0.0338022
0.0378984
0.0419845
0.046043
0.0500561
0.0540055
0.0578719
0.0616359
0.0652774
0.0687758
0.0721106
0.0752607
0.0782051
0.0809229
0.0833931
0.0855954
0.0875096
0.0891165
0.0903975
0.091335
0.0919126
0.0921152
0.0919292
0.0913427
0.0903454
0.0889289
0.0870869
0.084815
0.0821108
0.0789741
0.0754068
0.0714127
0.0669946
0.0621576
0.0569486
0.0514095
0.0450204
0.0373495
0.0161212
0.00836086
0.00198281
-0.00346257
-0.00852156
-0.0131664
-0.0173643
-0.0211255
-0.0244618
-0.0273831
-0.0299002
-0.0320245
-0.0337678
-0.0351426
-0.0361611
-0.0368359
-0.0371793
-0.0372037
-0.0369212
-0.0363438
-0.0354832
-0.034351
-0.0329583
-0.0313162
-0.0294354
-0.0273267
-0.0250004
-0.0224668
-0.0197364
-0.0168193
-0.013726
-0.0104668
-0.00705249
-0.00349387
0.000197879
0.00401122
0.00793419
0.0119544
0.0160588
0.0202341
0.0244659
0.0287396
0.0330396
0.0373498
0.0416532
0.0459323
0.0501687
0.0543434
0.0584367
0.0624284
0.0662974
0.0700226
0.073582
0.0769537
0.0801155
0.0830449
0.0857198
0.0881182
0.0902185
0.0919999
0.0934421
0.094526
0.0952334
0.0955478
0.0954539
0.0949383
0.0939894
0.0925976
0.0907554
0.0884573
0.0857004
0.0824838
0.0788091
0.0746801
0.0700993
0.0650721
0.0596475
0.0538698
0.0471947
0.039171
0.0126107
0.00456016
-0.00205043
-0.00768727
-0.0129174
-0.0177122
-0.0220377
-0.0259048
-0.0293261
-0.0323124
-0.0348751
-0.0370268
-0.0387802
-0.0401488
-0.0411457
-0.0417845
-0.0420786
-0.0420412
-0.0416854
-0.0410239
-0.0400693
-0.0388337
-0.0373292
-0.0355671
-0.033559
-0.0313158
-0.0288484
-0.0261675
-0.0232837
-0.0202075
-0.0169493
-0.0135199
-0.00993005
-0.0061906
-0.00231282
0.00169171
0.00581097
0.0100325
0.0143433
0.0187299
0.0231778
0.0276723
0.0321976
0.0367374
0.0412744
0.0457907
0.0502674
0.054685
0.0590232
0.063261
0.0673766
0.0713478
0.0751516
0.0787649
0.0821641
0.0853256
0.0882257
0.0908408
0.0931477
0.0951237
0.096747
0.0979966
0.0988526
0.0992965
0.0993116
0.0988827
0.0979967
0.0966426
0.0948115
0.0924971
0.0896954
0.0864049
0.0826268
0.0783646
0.0736208
0.0684008
0.0627561
0.056733
0.049762
0.0413715
0.00862735
0.000279998
-0.00656752
-0.0123984
-0.0178011
-0.0227459
-0.0271978
-0.0311684
-0.0346711
-0.0377177
-0.0403204
-0.0424928
-0.0442488
-0.0456027
-0.0465691
-0.0471623
-0.0473969
-0.0472871
-0.0468468
-0.0460899
-0.0450296
-0.0436789
-0.0420504
-0.0401563
-0.0380084
-0.0356185
-0.0329976
-0.0301568
-0.027107
-0.023859
-0.0204234
-0.0168111
-0.0130327
-0.00909949
-0.00502257
-0.000813572
0.00351549
0.00795213
0.0124833
0.0170955
0.0217742
0.0265046
0.0312707
0.036056
0.040843
0.0456133
0.0503478
0.0550264
0.059628
0.064131
0.0685127
0.0727499
0.0768187
0.0806945
0.0843526
0.0877678
0.0909149
0.0937685
0.0963038
0.0984963
0.100322
0.101758
0.102783
0.103376
0.103519
0.103194
0.102387
0.101085
0.0992779
0.0969581
0.0941207
0.0907633
0.0868864
0.0824935
0.0775867
0.0721715
0.0663019
0.0600262
0.0527487
0.0439765
0.00414773
-0.00450366
-0.011593
-0.0176208
-0.0231975
-0.0282924
-0.0328694
-0.0369408
-0.040521
-0.0436225
-0.0462589
-0.0484446
-0.0501948
-0.0515249
-0.0524507
-0.0529877
-0.0531516
-0.0529577
-0.0524211
-0.0515563
-0.0503777
-0.0488991
-0.0471338
-0.0450946
-0.0427941
-0.0402443
-0.0374568
-0.0344432
-0.0312144
-0.0277816
-0.0241556
-0.0203472
-0.0163673
-0.0122271
-0.0079377
-0.00351079
0.00104168
0.00570726
0.0104729
0.0153251
0.0202494
0.0252308
0.0302534
0.0353004
0.040354
0.0453956
0.0504056
0.0553635
0.0602475
0.0650353
0.0697034
0.0742275
0.0785827
0.0827431
0.0866825
0.0903743
0.0937914
0.0969069
0.099694
0.102126
0.104178
0.105823
0.107039
0.107802
0.108093
0.107891
0.107181
0.105947
0.104179
0.101866
0.0990032
0.0955867
0.0916168
0.087096
0.0820267
0.0764141
0.0703146
0.0637789
0.0561835
0.0470137
-0.000852845
-0.00981627
-0.0171528
-0.0233808
-0.0291332
-0.0343782
-0.0390787
-0.0432479
-0.046901
-0.0500517
-0.0527146
-0.0549053
-0.0566404
-0.0579365
-0.0588106
-0.0592797
-0.0593607
-0.0590699
-0.0584237
-0.0574378
-0.0561273
-0.054507
-0.0525911
-0.050393
-0.047926
-0.0452026
-0.0422349
-0.0390347
-0.0356135
-0.0319824
-0.0281524
-0.0241346
-0.0199398
-0.0155792
-0.011064
-0.00640558
-0.00161599
0.00329245
0.0083068
0.0134135
0.0185982
0.0238459
0.0291407
0.0344655
0.0398026
0.0451329
0.0504365
0.0556924
0.0608784
0.0659712
0.0709466
0.0757793
0.0804431
0.0849111
0.0891553
0.0931477
0.0968595
0.100262
0.103326
0.106023
0.108324
0.110204
0.111635
0.112592
0.113052
0.112995
0.112401
0.111254
0.10954
0.107248
0.104372
0.100905
0.0968488
0.0922041
0.0869731
0.081161
0.0748267
0.0680231
0.060098
0.0505134
-0.00640056
-0.0156849
-0.0232746
-0.0297063
-0.0356361
-0.0410313
-0.0458537
-0.0501171
-0.0538381
-0.0570314
-0.0597127
-0.0618993
-0.0636088
-0.0648595
-0.0656697
-0.066058
-0.0660424
-0.0656408
-0.0648707
-0.0637489
-0.0622918
-0.060515
-0.0584336
-0.0560619
-0.0534137
-0.0505021
-0.0473398
-0.0439388
-0.040311
-0.0364677
-0.03242
-0.0281791
-0.0237558
-0.0191612
-0.0144064
-0.00950289
-0.00446238
0.000702875
0.00598009
0.0113558
0.0168158
0.0223451
0.0279278
0.0335468
0.0391843
0.0448209
0.0504365
0.0560096
0.0615173
0.0669359
0.0722401
0.0774038
0.0823995
0.0871989
0.0917728
0.0960911
0.100123
0.103839
0.107206
0.110195
0.112774
0.114914
0.116586
0.117762
0.118417
0.118528
0.118072
0.117031
0.115389
0.113135
0.110257
0.106752
0.102616
0.0978523
0.092461
0.0864476
0.0798735
0.0727941
0.0645265
0.0545088
-0.0125233
-0.0221384
-0.0299878
-0.0366271
-0.0427364
-0.0482817
-0.0532238
-0.0575776
-0.0613607
-0.0645891
-0.0672799
-0.0694518
-0.0711242
-0.0723167
-0.0730495
-0.0733425
-0.0732154
-0.0726876
-0.0717778
-0.0705043
-0.0688845
-0.0669352
-0.0646723
-0.0621111
-0.0592661
-0.0561509
-0.0527787
-0.0491621
-0.0453129
-0.041243
-0.0369634
-0.0324853
-0.0278196
-0.0229772
-0.0179692
-0.0128068
-0.00750152
-0.00206549
0.00348876
0.00914797
0.0148981
0.0207243
0.0266106
0.0325402
0.038495
0.0444558
0.0504018
0.0563114
0.0621612
0.0679267
0.0735819
0.0790996
0.0844512
0.0896071
0.0945364
0.0992075
0.103588
0.107644
0.111344
0.114652
0.117538
0.119967
0.121908
0.123331
0.124208
0.124512
0.124218
0.123306
0.121757
0.119557
0.116694
0.113161
0.108956
0.104078
0.0985287
0.0923126
0.0854937
0.0781299
0.0695065
0.0590364
-0.0192506
-0.0292073
-0.0373239
-0.0441751
-0.0504659
-0.0561612
-0.0612207
-0.0656603
-0.069499
-0.072754
-0.0754441
-0.0775897
-0.0792118
-0.080332
-0.0809721
-0.0811539
-0.0808987
-0.0802276
-0.0791608
-0.0777181
-0.0759182
-0.073779
-0.0713174
-0.0685498
-0.0654911
-0.062156
-0.0585579
-0.0547099
-0.0506242
-0.0463126
-0.0417864
-0.0370568
-0.0321345
-0.0270304
-0.0217552
-0.0163201
-0.0107364
-0.00501566
0.000829717
0.00678677
0.0128417
0.0189799
0.0251857
0.0314421
0.0377313
0.0440339
0.0503291
0.0565947
0.0628072
0.0689412
0.0749701
0.0808656
0.086598
0.0921363
0.0974481
0.1025
0.107257
0.111684
0.115746
0.119406
0.122628
0.125378
0.127619
0.129319
0.130447
0.130972
0.130867
0.130108
0.128674
0.126549
0.123717
0.120172
0.115907
0.110922
0.105218
0.0987978
0.0917293
0.0840726
0.0750792
0.0641359
-0.0266141
-0.0369248
-0.0453167
-0.0523845
-0.058859
-0.0647041
-0.0698782
-0.0743983
-0.078285
-0.0815571
-0.084235
-0.086341
-0.0878981
-0.08893
-0.0894604
-0.0895131
-0.0891114
-0.0882782
-0.0870354
-0.0854044
-0.0834052
-0.0810571
-0.0783783
-0.0753858
-0.0720958
-0.0685233
-0.0646824
-0.0605866
-0.0562483
-0.0516795
-0.0468917
-0.0418958
-0.0367025
-0.0313225
-0.0257664
-0.0200448
-0.0141687
-0.00814945
-0.001999
0.0042701
0.0106444
0.0171096
0.0236503
0.0302498
0.0368903
0.0435524
0.0502154
0.0568568
0.0634526
0.0699771
0.0764028
0.0827005
0.0888394
0.0947871
0.10051
0.105971
0.111136
0.115965
0.120421
0.124466
0.128058
0.131161
0.133737
0.135747
0.137157
0.137935
0.138048
0.13747
0.136177
0.134148
0.131367
0.127824
0.123512
0.118428
0.112573
0.105949
0.0986264
0.0906678
0.0812895
0.069851
-0.0346478
-0.045326
-0.0540024
-0.0612921
-0.0679528
-0.0739472
-0.0792325
-0.0838272
-0.0877532
-0.0910313
-0.0936838
-0.0957352
-0.0972107
-0.0981362
-0.0985379
-0.0984416
-0.0978729
-0.0968567
-0.0954168
-0.0935763
-0.091357
-0.0887795
-0.0858632
-0.0826263
-0.0790857
-0.0752572
-0.0711556
-0.0667946
-0.0621871
-0.0573451
-0.05228
-0.0470028
-0.0415239
-0.0358538
-0.0300027
-0.0239808
-0.0177987
-0.0114673
-0.004998
0.00159708
0.00830504
0.015112
0.0220028
0.0289613
0.0359698
0.0430091
0.0500584
0.0570953
0.0640954
0.0710325
0.0778785
0.0846034
0.0911752
0.0975601
0.103722
0.109625
0.115229
0.120494
0.125379
0.129842
0.133841
0.137334
0.140279
0.142635
0.144364
0.145428
0.145792
0.145425
0.1443
0.142394
0.139686
0.136164
0.131818
0.126646
0.120644
0.113817
0.106235
0.0979655
0.0881866
0.0762292
-0.0433881
-0.0544491
-0.0634201
-0.0709376
-0.077787
-0.0839301
-0.0893228
-0.0939849
-0.0979403
-0.101212
-0.103824
-0.105804
-0.107179
-0.107977
-0.108229
-0.107961
-0.107202
-0.10598
-0.10432
-0.102247
-0.0997842
-0.0969548
-0.0937791
-0.0902764
-0.0864647
-0.0823605
-0.0779792
-0.0733349
-0.0684406
-0.0633086
-0.0579503
-0.0523763
-0.0465971
-0.0406225
-0.0344624
-0.0281266
-0.021625
-0.014968
-0.00816637
-0.00123167
0.00582384
0.0129868
0.0202427
0.0275758
0.0349687
0.0424025
0.0498566
0.0573086
0.0647339
0.072106
0.0793961
0.0865736
0.0936053
0.100456
0.107089
0.113464
0.119541
0.125276
0.130627
0.135547
0.13999
0.143912
0.147266
0.150008
0.152093
0.15348
0.154131
0.15401
0.153085
0.151329
0.148719
0.145238
0.140876
0.135626
0.129485
0.122455
0.114611
0.106021
0.0958246
0.0833231
-0.052874
-0.0643353
-0.0736124
-0.0813641
-0.0884051
-0.0946959
-0.100191
-0.104912
-0.108886
-0.112136
-0.11469
-0.116579
-0.117832
-0.118481
-0.118558
-0.118094
-0.117119
-0.115665
-0.113758
-0.111427
-0.108696
-0.10559
-0.102131
-0.0983399
-0.094235
-0.089834
-0.0851527
-0.0802059
-0.0750067
-0.0695673
-0.0638993
-0.0580129
-0.0519183
-0.0456248
-0.0391418
-0.0324785
-0.0256442
-0.0186484
-0.0115014
-0.00421387
0.00320264
0.0107355
0.0183709
0.0260936
0.0338869
0.0417322
0.0496092
0.0574956
0.0653669
0.0731963
0.0809547
0.0886105
0.0961298
0.103476
0.11061
0.117492
0.124076
0.130319
0.136174
0.14159
0.14652
0.150913
0.154718
0.157887
0.160371
0.162124
0.163102
0.163264
0.162574
0.161001
0.158517
0.155101
0.150741
0.145428
0.139155
0.131925
0.123814
0.114894
0.104263
0.0911899
-0.0631481
-0.0750294
-0.0846256
-0.0926186
-0.0998542
-0.106291
-0.111884
-0.116654
-0.120632
-0.123844
-0.126321
-0.128096
-0.129202
-0.129675
-0.12955
-0.128861
-0.127642
-0.125927
-0.123745
-0.121127
-0.118101
-0.114691
-0.110923
-0.106818
-0.102396
-0.0976758
-0.0926733
-0.0874037
-0.0818805
-0.0761159
-0.0701211
-0.0639063
-0.0574811
-0.0508544
-0.0440347
-0.0370306
-0.0298506
-0.0225035
-0.0149984
-0.00734536
0.000445063
0.0083611
0.0163898
0.0245166
0.0327256
0.0409988
0.0493164
0.0576563
0.0659941
0.074303
0.0825536
0.0907138
0.0987487
0.106621
0.114289
0.121711
0.128841
0.13563
0.142028
0.147984
0.153444
0.158353
0.162656
0.166299
0.169229
0.171392
0.172741
0.173229
0.172814
0.171458
0.169132
0.16581
0.161474
0.156113
0.149719
0.142292
0.133911
0.124651
0.113566
0.0998926
-0.0742566
-0.0865801
-0.0965102
-0.104753
-0.112186
-0.118767
-0.12445
-0.129258
-0.133225
-0.136379
-0.138756
-0.140391
-0.141323
-0.14159
-0.141231
-0.140286
-0.13879
-0.136781
-0.134292
-0.131356
-0.128003
-0.124261
-0.120156
-0.11571
-0.110946
-0.105882
-0.100535
-0.0949216
-0.0890545
-0.082946
-0.0766071
-0.0700476
-0.0632765
-0.0563021
-0.0491322
-0.0417744
-0.0342362
-0.0265255
-0.0186504
-0.0106198
-0.0024433
0.00586842
0.0143034
0.0228481
0.0314875
0.0402043
0.0489794
0.0577912
0.0666157
0.0754262
0.084193
0.0928836
0.101462
0.109891
0.118126
0.126125
0.133837
0.141214
0.1482
0.15474
0.160777
0.166251
0.171101
0.175269
0.178695
0.181319
0.183088
0.183948
0.183852
0.182756
0.180624
0.177426
0.173139
0.16775
0.161247
0.153627
0.144974
0.135364
0.123806
0.109501
-0.0862498
-0.0990412
-0.109322
-0.117823
-0.125457
-0.13218
-0.137944
-0.142777
-0.146714
-0.149788
-0.152037
-0.153503
-0.154228
-0.154255
-0.153628
-0.152389
-0.150581
-0.148242
-0.14541
-0.142121
-0.138408
-0.134301
-0.129827
-0.125012
-0.119877
-0.114444
-0.10873
-0.10275
-0.0965177
-0.0900461
-0.0833453
-0.0764246
-0.0692923
-0.061956
-0.0544225
-0.0466984
-0.0387901
-0.0307043
-0.0224479
-0.0140286
-0.00545463
0.00326442
0.0121178
0.0210933
0.0301767
0.039352
0.0486009
0.0579024
0.067233
0.0765664
0.085873
0.0951201
0.104271
0.113287
0.122124
0.130736
0.139071
0.147077
0.154696
0.161869
0.168533
0.174624
0.180076
0.184824
0.188801
0.191942
0.194185
0.19547
0.195743
0.194952
0.193056
0.190018
0.185811
0.180416
0.173818
0.166012
0.157085
0.147115
0.135062
0.12009
-0.0991831
-0.112472
-0.123122
-0.131891
-0.139729
-0.146591
-0.152427
-0.157268
-0.161153
-0.16412
-0.166211
-0.167473
-0.167954
-0.167702
-0.166766
-0.165193
-0.16303
-0.160321
-0.157107
-0.153426
-0.149316
-0.144808
-0.139932
-0.134716
-0.129182
-0.123352
-0.117244
-0.110874
-0.104255
-0.0974008
-0.09032
-0.0830215
-0.0755128
-0.0678006
-0.0598905
-0.051788
-0.0434984
-0.0350267
-0.0263786
-0.0175603
-0.00857865
0.000558285
0.00984117
0.0192591
0.0287992
0.0384468
0.0481845
0.0579925
0.067848
0.0777252
0.0875948
0.097424
0.107176
0.116811
0.126284
0.135547
0.144546
0.153226
0.161526
0.169382
0.176727
0.183492
0.189604
0.194991
0.199581
0.203299
0.206077
0.207846
0.208542
0.20811
0.206496
0.203659
0.199566
0.194191
0.187517
0.179534
0.170332
0.159991
0.14742
0.131745
-0.113118
-0.126937
-0.137978
-0.147027
-0.155073
-0.162068
-0.167964
-0.172794
-0.176601
-0.179429
-0.181326
-0.182345
-0.182539
-0.181963
-0.180672
-0.178719
-0.176155
-0.173029
-0.169387
-0.165273
-0.160724
-0.155777
-0.150463
-0.144811
-0.138845
-0.132589
-0.126061
-0.119276
-0.112249
-0.104991
-0.0975117
-0.0898187
-0.0819186
-0.0738167
-0.0655177
-0.0570255
-0.0483439
-0.0394765
-0.0304274
-0.0212009
-0.0118025
-0.00223835
0.00748375
0.0173545
0.0273628
0.0374951
0.0477357
0.0580658
0.0684638
0.0789046
0.0893596
0.0997962
0.110178
0.120463
0.130607
0.140559
0.150265
0.159665
0.168696
0.177289
0.185372
0.192871
0.199706
0.205799
0.211067
0.215431
0.21881
0.221128
0.222312
0.222296
0.22102
0.218432
0.214492
0.209169
0.202439
0.194291
0.184813
0.174092
0.160978
0.144559
-0.128122
-0.142511
-0.153968
-0.163309
-0.171565
-0.178688
-0.184628
-0.189423
-0.193122
-0.195775
-0.197436
-0.198164
-0.198022
-0.19707
-0.195371
-0.192984
-0.189967
-0.186374
-0.182256
-0.177659
-0.172627
-0.167197
-0.161405
-0.155281
-0.14885
-0.142137
-0.135159
-0.127934
-0.120475
-0.112793
-0.104896
-0.0967923
-0.0884859
-0.0799813
-0.0712815
-0.0623891
-0.053306
-0.0440342
-0.0345758
-0.0249334
-0.0151104
-0.00511124
0.00505832
0.0153909
0.025877
0.0365051
0.047261
0.0581275
0.0690844
0.0801076
0.0911694
0.102238
0.113276
0.124244
0.135094
0.145775
0.156231
0.166399
0.176213
0.1856
0.194483
0.20278
0.210407
0.217275
0.223296
0.228379
0.232434
0.235375
0.237118
0.237585
0.236707
0.234423
0.230683
0.225449
0.21869
0.210389
0.200639
0.189527
0.175844
0.158634
-0.14427
-0.159275
-0.171176
-0.180822
-0.189291
-0.196534
-0.2025
-0.207233
-0.210787
-0.21322
-0.214595
-0.21498
-0.214443
-0.213057
-0.21089
-0.208009
-0.204479
-0.200361
-0.19571
-0.190579
-0.185013
-0.179055
-0.172742
-0.166105
-0.159173
-0.151969
-0.144513
-0.136821
-0.128906
-0.120778
-0.112446
-0.103914
-0.0951869
-0.086267
-0.0771557
-0.0678535
-0.0583605
-0.0486768
-0.0388023
-0.0287376
-0.0184839
-0.00804352
0.00258006
0.0133815
0.0243536
0.0354868
0.0467687
0.0581843
0.0697147
0.0813376
0.0930264
0.10475
0.116473
0.128153
0.139744
0.151194
0.162445
0.173431
0.184082
0.194323
0.204069
0.213235
0.221727
0.229449
0.236302
0.242187
0.247001
0.250647
0.253028
0.254056
0.253647
0.25173
0.248244
0.243142
0.236384
0.22795
0.21793
0.206416
0.192135
0.174085
-0.16165
-0.177321
-0.189699
-0.199666
-0.208351
-0.215703
-0.221672
-0.226307
-0.229673
-0.231835
-0.232865
-0.232842
-0.231846
-0.229956
-0.227251
-0.223808
-0.219699
-0.214991
-0.209746
-0.204022
-0.197868
-0.191331
-0.18445
-0.177258
-0.169785
-0.162056
-0.15409
-0.145903
-0.137508
-0.128913
-0.120126
-0.11115
-0.101989
-0.0926422
-0.0831093
-0.0733891
-0.0634793
-0.0533776
-0.043082
-0.0325903
-0.0219016
-0.0110155
6.66617e-05
0.0113422
0.0228063
0.0344517
0.0462686
0.0582438
0.0703607
0.0825989
0.0949332
0.107334
0.119767
0.13219
0.144558
0.156816
0.168907
0.180762
0.192308
0.203464
0.214143
0.224251
0.233687
0.242347
0.250122
0.256898
0.262565
0.267008
0.270119
0.271793
0.271935
0.270458
0.26729
0.262371
0.255653
0.247106
0.236824
0.224898
0.209986
0.191041
-0.180357
-0.196756
-0.209648
-0.219952
-0.228853
-0.2363
-0.242243
-0.246741
-0.249866
-0.251694
-0.252311
-0.251807
-0.250272
-0.2478
-0.244479
-0.240395
-0.235631
-0.23026
-0.224353
-0.21797
-0.211169
-0.203997
-0.196497
-0.188705
-0.180651
-0.17236
-0.163851
-0.155141
-0.14624
-0.137158
-0.127898
-0.118464
-0.108855
-0.0990704
-0.0891075
-0.0789623
-0.0686302
-0.0581065
-0.0473863
-0.036465
-0.0253389
-0.014005
-0.00246172
0.0092909
0.0212508
0.0334134
0.0457716
0.0583149
0.0710291
0.0838959
0.0968926
0.109991
0.123158
0.136354
0.149532
0.162639
0.175615
0.188391
0.20089
0.213028
0.224712
0.235842
0.246308
0.255998
0.26479
0.272559
0.27918
0.284525
0.288468
0.290889
0.291675
0.290724
0.287947
0.283273
0.276639
0.268008
0.257472
0.245124
0.229548
0.209643
-0.200501
-0.217699
-0.231148
-0.241807
-0.250924
-0.258447
-0.264329
-0.268638
-0.271458
-0.27288
-0.273002
-0.271929
-0.269766
-0.26662
-0.262592
-0.257779
-0.252274
-0.24616
-0.239513
-0.232402
-0.224888
-0.217021
-0.208849
-0.200407
-0.191728
-0.182837
-0.173752
-0.16449
-0.155059
-0.145467
-0.135717
-0.125809
-0.115742
-0.105511
-0.0951108
-0.0845355
-0.0737776
-0.0628295
-0.0516835
-0.0403321
-0.0287686
-0.0169869
-0.00498255
0.00724759
0.0197045
0.0323868
0.0452903
0.0584075
0.0717271
0.0852337
0.0989071
0.112721
0.126645
0.140641
0.154662
0.168657
0.182565
0.196315
0.209828
0.223016
0.235782
0.248017
0.259606
0.270425
0.28034
0.289214
0.296905
0.303268
0.30816
0.311442
0.312981
0.312654
0.310357
0.305999
0.299505
0.290824
0.280047
0.267267
0.250987
0.230053
-0.22221
-0.240289
-0.254344
-0.265378
-0.274708
-0.282283
-0.288059
-0.292117
-0.294556
-0.295482
-0.295013
-0.293269
-0.290373
-0.286447
-0.281607
-0.275965
-0.269623
-0.262674
-0.255203
-0.247286
-0.238986
-0.230361
-0.221458
-0.212316
-0.202967
-0.193436
-0.183741
-0.173897
-0.163912
-0.153791
-0.143534
-0.133139
-0.122603
-0.111917
-0.101075
-0.0900666
-0.0788815
-0.067509
-0.0559384
-0.0441589
-0.0321605
-0.0199339
-0.0074711
0.00523426
0.0181867
0.0313881
0.0448379
0.058532
0.0724624
0.0866171
0.100979
0.115525
0.130226
0.145047
0.159944
0.174865
0.189749
0.204527
0.219116
0.233425
0.247353
0.260784
0.273595
0.28565
0.296805
0.306907
0.315796
0.32331
0.329284
0.333557
0.335974
0.336389
0.334674
0.330719
0.324431
0.315743
0.304743
0.291523
0.274497
0.252452
-0.24563
-0.264687
-0.279404
-0.290833
-0.300369
-0.307964
-0.313578
-0.317308
-0.319273
-0.319598
-0.318422
-0.315886
-0.312135
-0.307307
-0.301537
-0.294951
-0.287663
-0.279778
-0.27139
-0.26258
-0.253419
-0.243966
-0.23427
-0.224374
-0.214308
-0.204096
-0.193758
-0.183304
-0.17274
-0.16207
-0.151291
-0.140399
-0.129385
-0.11824
-0.106953
-0.09551
-0.0838987
-0.0721045
-0.060113
-0.0479101
-0.0354821
-0.0228162
-0.00990071
0.00327452
0.0167177
0.0304347
0.0444286
0.0586993
0.0732427
0.0880505
0.103109
0.1184
0.133896
0.149566
0.165367
0.181251
0.197158
0.213016
0.228744
0.244248
0.259421
0.274143
0.288282
0.301691
0.314213
0.325679
0.335911
0.344725
0.351933
0.357348
0.360787
0.36208
0.36107
0.357623
0.351621
0.34298
0.331781
0.318115
0.300295
0.277046
-0.27093
-0.29108
-0.306523
-0.318369
-0.3281
-0.335671
-0.341053
-0.344361
-0.345737
-0.345334
-0.343313
-0.339844
-0.335094
-0.329223
-0.322387
-0.314726
-0.306371
-0.297438
-0.28803
-0.278235
-0.268128
-0.257773
-0.247221
-0.236514
-0.225683
-0.214751
-0.203734
-0.192642
-0.181478
-0.170241
-0.158927
-0.147527
-0.13603
-0.124423
-0.112691
-0.100816
-0.0887826
-0.076572
-0.0641665
-0.0515479
-0.0386988
-0.0256025
-0.0122432
0.00139323
0.0153191
0.0295445
0.0440768
0.0589202
0.0740751
0.0895374
0.105298
0.121342
0.137648
0.154187
0.17092
0.187802
0.204774
0.221766
0.238697
0.25547
0.271977
0.28809
0.30367
0.31856
0.332588
0.345569
0.357305
0.367587
0.376201
0.382932
0.387565
0.389896
0.389737
0.386923
0.381307
0.37278
0.361415
0.347296
0.32863
0.30407
-0.298312
-0.319688
-0.335933
-0.348216
-0.358122
-0.365614
-0.370673
-0.37344
-0.374089
-0.372803
-0.369775
-0.365205
-0.359288
-0.352212
-0.344152
-0.335271
-0.325713
-0.315608
-0.305067
-0.294186
-0.283045
-0.271711
-0.260235
-0.24866
-0.237015
-0.225322
-0.213594
-0.201837
-0.190052
-0.178234
-0.166375
-0.154461
-0.142478
-0.130408
-0.118233
-0.105932
-0.0934834
-0.0808654
-0.0680558
-0.0550327
-0.0417744
-0.0282599
-0.0144693
-0.000384016
0.0140127
0.0287356
0.0437967
0.059205
0.0749658
0.0910801
0.107544
0.124347
0.141473
0.158897
0.176586
0.194497
0.212575
0.230753
0.248951
0.26707
0.285
0.302611
0.319753
0.33626
0.351947
0.366609
0.380028
0.39197
0.402189
0.410436
0.416461
0.420021
0.420887
0.418857
0.413748
0.405421
0.393933
0.379362
0.359788
0.333793
-0.328012
-0.350772
-0.367903
-0.380643
-0.390696
-0.398032
-0.402654
-0.404735
-0.404486
-0.402129
-0.397898
-0.392029
-0.38475
-0.37628
-0.36682
-0.356553
-0.345641
-0.334226
-0.32243
-0.310355
-0.298087
-0.285692
-0.273224
-0.260722
-0.248216
-0.235723
-0.223253
-0.210808
-0.198384
-0.185973
-0.17356
-0.161129
-0.148661
-0.136133
-0.123522
-0.110802
-0.0979493
-0.0849361
-0.0717364
-0.0583235
-0.0446715
-0.030755
-0.0165494
-0.00203151
0.0128203
0.0280256
0.0436017
0.0595627
0.0759194
0.0926785
0.109841
0.127404
0.145356
0.163678
0.182343
0.201311
0.220534
0.239948
0.259474
0.279017
0.298464
0.31768
0.336513
0.354784
0.372295
0.388823
0.404127
0.417943
0.429994
0.439991
0.447641
0.452654
0.454756
0.453695
0.449244
0.441224
0.429671
0.414651
0.394104
0.366529
-0.36031
-0.384643
-0.402757
-0.415971
-0.426124
-0.433206
-0.437244
-0.438454
-0.437097
-0.433443
-0.427775
-0.420372
-0.411505
-0.401424
-0.390361
-0.378522
-0.366088
-0.353214
-0.340032
-0.326649
-0.313154
-0.299616
-0.286085
-0.272601
-0.259187
-0.245857
-0.232617
-0.219463
-0.206387
-0.193374
-0.180405
-0.167458
-0.154509
-0.141531
-0.128494
-0.11537
-0.102127
-0.0887349
-0.0751626
-0.0613789
-0.0473528
-0.0330544
-0.0184542
-0.00352418
0.0117625
0.0274308
0.0435033
0.0600002
0.076938
0.0943297
0.112183
0.130501
0.14928
0.168507
0.188161
0.208211
0.228613
0.249309
0.270224
0.291267
0.312324
0.333261
0.353918
0.37411
0.393625
0.412223
0.429636
0.445571
0.459713
0.47173
0.481279
0.488015
0.491605
0.49174
0.488134
0.480558
0.469019
0.453561
0.431966
0.40264
-0.395545
-0.421675
-0.440883
-0.454579
-0.464767
-0.471463
-0.474727
-0.474836
-0.47211
-0.466884
-0.459497
-0.450284
-0.439562
-0.427622
-0.414727
-0.40111
-0.386969
-0.372474
-0.357765
-0.342955
-0.328132
-0.313366
-0.298704
-0.284181
-0.269816
-0.255617
-0.241583
-0.227705
-0.213968
-0.20035
-0.186827
-0.173371
-0.15995
-0.146534
-0.133087
-0.119575
-0.105962
-0.092212
-0.0782893
-0.0641577
-0.0497815
-0.0351257
-0.0201558
-0.0048385
0.0108584
0.0269654
0.0435111
0.0605217
0.0780205
0.0960271
0.114557
0.13362
0.153219
0.173352
0.194005
0.215155
0.236765
0.258785
0.281146
0.303763
0.326525
0.349299
0.371921
0.394202
0.415915
0.436804
0.456576
0.474906
0.491438
0.50579
0.51756
0.52634
0.531726
0.533334
0.530808
0.523853
0.512431
0.496559
0.473832
0.442552
-0.434126
-0.46232
-0.482748
-0.496923
-0.507051
-0.513182
-0.515429
-0.514144
-0.509728
-0.502592
-0.493151
-0.481801
-0.468916
-0.454832
-0.439847
-0.424222
-0.408173
-0.391883
-0.3755
-0.359137
-0.342885
-0.326808
-0.310949
-0.295337
-0.279983
-0.264888
-0.250043
-0.235431
-0.221029
-0.206809
-0.19274
-0.178786
-0.16491
-0.151073
-0.137237
-0.12336
-0.1094
-0.0953183
-0.0810719
-0.0666202
-0.0519225
-0.0369384
-0.0216283
-0.0059534
0.010124
0.0266405
0.0436308
0.0611277
0.0791615
0.0977592
0.116944
0.136735
0.157144
0.178177
0.19983
0.22209
0.24493
0.26831
0.29217
0.316432
0.340991
0.365719
0.390452
0.414996
0.439116
0.462539
0.484949
0.505985
0.525248
0.5423
0.556674
0.567883
0.575438
0.578866
0.577716
0.571608
0.560445
0.5442
0.520247
0.486772
-0.476551
-0.507132
-0.52892
-0.543555
-0.553482
-0.55881
-0.559723
-0.556673
-0.550166
-0.540712
-0.528811
-0.51494
-0.499534
-0.482981
-0.465619
-0.447732
-0.429559
-0.411291
-0.393079
-0.37504
-0.357257
-0.33979
-0.322674
-0.305927
-0.289553
-0.273542
-0.257876
-0.242529
-0.227468
-0.212657
-0.198055
-0.183622
-0.169312
-0.15508
-0.14088
-0.126666
-0.11239
-0.0980068
-0.0834686
-0.0687295
-0.0537435
-0.0384651
-0.0228492
-0.00685136
0.0095719
0.0264632
0.0438639
0.0618137
0.0803504
0.099509
0.119322
0.139816
0.161014
0.182933
0.205579
0.228952
0.253037
0.277804
0.303208
0.329179
0.355625
0.382422
0.409414
0.436404
0.463154
0.489375
0.514728
0.53882
0.561205
0.581383
0.598812
0.612914
0.623096
0.628773
0.629376
0.62441
0.613697
0.597145
0.571865
0.535905
-0.523437
-0.556793
-0.580097
-0.595141
-0.604668
-0.60887
-0.608035
-0.60275
-0.593653
-0.581377
-0.566533
-0.549688
-0.53135
-0.511962
-0.491901
-0.471479
-0.450951
-0.430513
-0.410319
-0.390479
-0.37107
-0.35214
-0.333714
-0.315798
-0.298382
-0.281446
-0.264959
-0.248883
-0.233177
-0.217794
-0.202684
-0.187798
-0.173083
-0.158487
-0.143956
-0.129439
-0.114882
-0.100234
-0.0854407
-0.0704521
-0.0552164
-0.0396827
-0.0238004
-0.00751954
0.00920945
0.0264354
0.0442065
0.0625697
0.0815705
0.101253
0.121657
0.142822
0.164781
0.187562
0.211186
0.235664
0.260997
0.28717
0.314151
0.341889
0.370302
0.399282
0.428679
0.458303
0.487915
0.517217
0.545851
0.573391
0.599343
0.623142
0.644159
0.661713
0.675085
0.683549
0.686386
0.682951
0.67295
0.656196
0.629477
0.59068
-0.575551
-0.612155
-0.637145
-0.652498
-0.661335
-0.663974
-0.660849
-0.652726
-0.640416
-0.624708
-0.606343
-0.585994
-0.56425
-0.541616
-0.518505
-0.495255
-0.47213
-0.449329
-0.426999
-0.405242
-0.38412
-0.363667
-0.343891
-0.324783
-0.306317
-0.288458
-0.271161
-0.254377
-0.238049
-0.222123
-0.206537
-0.191233
-0.17615
-0.161228
-0.146407
-0.131628
-0.116831
-0.10196
-0.0869548
-0.0717599
-0.0563182
-0.0405734
-0.0244696
-0.00795085
0.00903823
0.0265529
0.0446482
0.0633786
0.0827977
0.102958
0.123911
0.145706
0.168387
0.191997
0.21657
0.242133
0.268705
0.296288
0.324871
0.354418
0.384871
0.416135
0.44808
0.480527
0.513242
0.545925
0.578205
0.609628
0.639653
0.667646
0.692885
0.714565
0.73182
0.743749
0.74944
0.74805
0.739122
0.722328
0.694054
0.651992
-0.633859
-0.67429
-0.701144
-0.71663
-0.724362
-0.724841
-0.718711
-0.706978
-0.690677
-0.67079
-0.648214
-0.623746
-0.598061
-0.571723
-0.545184
-0.518797
-0.492829
-0.467474
-0.442865
-0.419086
-0.396179
-0.374157
-0.353008
-0.332701
-0.313193
-0.294429
-0.276349
-0.258887
-0.241976
-0.225547
-0.209528
-0.193851
-0.178446
-0.163245
-0.14818
-0.133186
-0.118198
-0.103152
-0.0879835
-0.072631
-0.0570325
-0.0411263
-0.024851
-0.0081451
0.00905276
0.0268043
0.0451713
0.0642159
0.0840002
0.104586
0.126035
0.148408
0.171762
0.196155
0.221636
0.248252
0.276038
0.305021
0.33521
0.366595
0.399142
0.432782
0.467407
0.50286
0.53892
0.575298
0.611617
0.647401
0.682069
0.714918
0.745123
0.771745
0.793739
0.80999
0.81934
0.820681
0.813326
0.796744
0.766803
0.720949
-0.699595
-0.744568
-0.773457
-0.788783
-0.794805
-0.792306
-0.782226
-0.765892
-0.744629
-0.719655
-0.692053
-0.662754
-0.632526
-0.601988
-0.571619
-0.541778
-0.512726
-0.484638
-0.457623
-0.431737
-0.406995
-0.383381
-0.360856
-0.339365
-0.318841
-0.299208
-0.280387
-0.262296
-0.244852
-0.227972
-0.211575
-0.19558
-0.179908
-0.164483
-0.14923
-0.134077
-0.118951
-0.103784
-0.0885069
-0.0730515
-0.0573508
-0.0413381
-0.0249468
-0.00811001
0.0092396
0.0271699
0.0457497
0.0650485
0.085137
0.106087
0.127969
0.150858
0.174825
0.199941
0.226275
0.253893
0.282853
0.313205
0.344986
0.378216
0.412891
0.448976
0.486396
0.525024
0.564668
0.605059
0.645829
0.686495
0.726441
0.764903
0.800952
0.833497
0.861289
0.882952
0.89701
0.902006
0.89693
0.880944
0.84924
0.798944
-0.77436
-0.824757
-0.855826
-0.870508
-0.873944
-0.867336
-0.852048
-0.82984
-0.802404
-0.771245
-0.73766
-0.70272
-0.667285
-0.632015
-0.597402
-0.563798
-0.531435
-0.500458
-0.470936
-0.442887
-0.416288
-0.391088
-0.367212
-0.344576
-0.323086
-0.302641
-0.283141
-0.264486
-0.246575
-0.229312
-0.212603
-0.196355
-0.180482
-0.164897
-0.149519
-0.134268
-0.119067
-0.103841
-0.0885144
-0.0730159
-0.0572731
-0.0412144
-0.024768
-0.00786198
0.00957656
0.0276216
0.0463484
0.0658342
0.0861579
0.1074
0.129645
0.152977
0.177482
0.203248
0.230363
0.258914
0.288985
0.320653
0.353986
0.38904
0.42585
0.464421
0.504723
0.546673
0.590123
0.63484
0.680483
0.726582
0.772505
0.817439
0.860356
0.900005
0.934904
0.963362
0.983507
0.993415
0.991617
0.976822
0.943304
0.887756
-0.860263
-0.917186
-0.9505
-0.963753
-0.963318
-0.951032
-0.928864
-0.899145
-0.864033
-0.825372
-0.78469
-0.743203
-0.701841
-0.661289
-0.622026
-0.584368
-0.548501
-0.514514
-0.482426
-0.452198
-0.42376
-0.397013
-0.371845
-0.348134
-0.325754
-0.304578
-0.284483
-0.265347
-0.247052
-0.229488
-0.212545
-0.196123
-0.180124
-0.164453
-0.149021
-0.133742
-0.118534
-0.103314
-0.0880051
-0.072529
-0.0568094
-0.0407701
-0.0243349
-0.00742678
0.0100322
0.0281218
0.0469235
0.0665217
0.0870035
0.108459
0.130983
0.154672
0.179627
0.205954
0.23376
0.263155
0.29425
0.327153
0.361969
0.398794
0.437707
0.478768
0.522
0.567382
0.614826
0.664158
0.715092
0.767194
0.819847
0.872211
0.923177
0.971338
1.01496
1.05198
1.08003
1.09656
1.09948
1.0868
1.05152
0.989701
-0.960139
-1.02496
-1.06041
-1.07097
-1.06477
-1.04462
-1.01334
-0.974013
-0.929371
-0.881645
-0.832598
-0.783571
-0.735534
-0.689155
-0.644864
-0.602907
-0.563393
-0.526335
-0.491673
-0.459303
-0.429089
-0.400881
-0.374517
-0.349835
-0.326673
-0.304875
-0.28429
-0.264777
-0.2462
-0.22843
-0.211349
-0.194842
-0.178801
-0.163126
-0.14772
-0.13249
-0.117349
-0.102209
-0.086989
-0.0716061
-0.05598
-0.0400307
-0.0236777
-0.00683981
0.0105657
0.0286237
0.0474217
0.0670505
0.087605
0.109184
0.131893
0.155842
0.181145
0.207926
0.236313
0.266439
0.298444
0.332471
0.368664
0.407164
0.448107
0.49161
0.537768
0.586637
0.638211
0.692405
0.749015
0.807685
0.867851
0.92869
0.989049
1.04738
1.1017
1.14953
1.18788
1.21342
1.22313
1.214
1.17721
1.10786
-1.0779
-1.15233
-1.18945
-1.19524
-1.18046
-1.14939
-1.10603
-1.05443
-0.998003
-0.93939
-0.88057
-0.822954
-0.767495
-0.714787
-0.665155
-0.61873
-0.575507
-0.53539
-0.498221
-0.463809
-0.431945
-0.402412
-0.374995
-0.349484
-0.325681
-0.303397
-0.282455
-0.26269
-0.243949
-0.226087
-0.208973
-0.192481
-0.176496
-0.160908
-0.145615
-0.130518
-0.115524
-0.100543
-0.0854875
-0.0702733
-0.0548158
-0.0390316
-0.0228367
-0.00614607
0.0111269
0.0290717
0.047781
0.0673516
0.0878853
0.10949
0.13228
0.156377
0.18191
0.209021
0.237856
0.268576
0.301348
0.336352
0.373774
0.413808
0.456648
0.502484
0.551495
0.603829
0.659593
0.718816
0.781424
0.847183
0.915643
0.98606
1.0573
1.12774
1.19516
1.25663
1.30846
1.34629
1.36583
1.36255
1.3249
1.24644
-1.21908
-1.30518
-1.34279
-1.34044
-1.3129
-1.26663
-1.20724
-1.14001
-1.0691
-0.997534
-0.92743
-0.860177
-0.796613
-0.737169
-0.681995
-0.631049
-0.584164
-0.541103
-0.501584
-0.465313
-0.431991
-0.401328
-0.37305
-0.346897
-0.322631
-0.300028
-0.278885
-0.259016
-0.240247
-0.222421
-0.205394
-0.18903
-0.173205
-0.157804
-0.142717
-0.127842
-0.113082
-0.0983423
-0.0835338
-0.0685681
-0.0533583
-0.0378183
-0.0218614
-0.00539963
0.0116571
0.0294018
0.0479316
0.0673484
0.0877603
0.109282
0.132038
0.156159
0.18179
0.209087
0.238217
0.269365
0.302728
0.338523
0.376982
0.418351
0.462891
0.510875
0.562575
0.618257
0.678158
0.742467
0.81128
0.884553
0.962024
1.04312
1.12684
1.21157
1.29494
1.37362
1.44312
1.49779
1.53165
1.53789
1.50082
1.41135
-1.39187
-1.49191
-1.5274
-1.51137
-1.46481
-1.39735
-1.31677
-1.22976
-1.14122
-1.05445
-0.971544
-0.893699
-0.821493
-0.755078
-0.694334
-0.638974
-0.588623
-0.542861
-0.501261
-0.463405
-0.428896
-0.397365
-0.368473
-0.34191
-0.317394
-0.29467
-0.27351
-0.253703
-0.235062
-0.217415
-0.200606
-0.184492
-0.168941
-0.153833
-0.139053
-0.124495
-0.110059
-0.0956492
-0.0811723
-0.0665384
-0.051659
-0.0364459
-0.0208104
-0.00466264
0.0120899
0.0295432
0.0477975
0.066959
0.0871406
0.108464
0.131059
0.155069
0.180649
0.20797
0.237219
0.268601
0.302347
0.338705
0.377955
0.420399
0.466369
0.516223
0.570342
0.629124
0.692968
0.762255
0.837309
0.918346
1.0054
1.09819
1.19598
1.29738
1.40002
1.5003
1.59293
1.67077
1.72562
1.7473
1.71379
1.61125
-1.6088
-1.72477
-1.75266
-1.71383
-1.63885
-1.54194
-1.4335
-1.32172
-1.21206
-1.1078
-1.01071
-0.921548
-0.840432
-0.767078
-0.700981
-0.641534
-0.588096
-0.540034
-0.496749
-0.457689
-0.422352
-0.390285
-0.361083
-0.334385
-0.309871
-0.287255
-0.266283
-0.246727
-0.228383
-0.21107
-0.194622
-0.178889
-0.163734
-0.14903
-0.134663
-0.120522
-0.106506
-0.0925154
-0.078458
-0.0642421
-0.0497782
-0.0349772
-0.0197494
-0.00400382
0.0123535
0.0294201
0.0472986
0.0660979
0.0859346
0.106935
0.129235
0.152986
0.178353
0.205518
0.234686
0.266084
0.299966
0.336618
0.37636
0.419552
0.466596
0.51794
0.574082
0.635564
0.702969
0.776908
0.857989
0.946774
1.0437
1.14895
1.26229
1.38277
1.50837
1.6355
1.75828
1.86801
1.95374
2.00056
1.97659
1.85937
-1.89013
-2.02194
-2.0311
-1.9544
-1.83706
-1.69942
-1.55478
-1.41253
-1.27813
-1.15431
-1.04204
-0.941287
-0.851422
-0.771543
-0.700642
-0.637708
-0.581787
-0.532004
-0.487576
-0.447808
-0.41209
-0.379888
-0.350735
-0.324224
-0.299999
-0.277745
-0.25719
-0.238089
-0.220228
-0.203415
-0.187478
-0.172263
-0.15763
-0.143449
-0.129603
-0.115981
-0.102481
-0.0890033
-0.0754552
-0.0617451
-0.0477836
-0.0334816
-0.0187496
-0.0034963
0.0123723
0.0289543
0.0463532
0.0646793
0.0840512
0.104598
0.12646
0.149794
0.174772
0.201586
0.230454
0.261621
0.295362
0.331994
0.371876
0.415419
0.463094
0.515436
0.57306
0.636661
0.707022
0.785011
0.871574
0.967698
1.07436
1.19239
1.32233
1.46409
1.61646
1.77645
1.93815
2.0916
2.22283
2.31062
2.30813
2.17696
-2.27063
-2.41096
-2.37892
-2.23958
-2.05949
-1.86624
-1.67548
-1.49673
-1.33436
-1.1896
-1.06192
-0.950007
-0.852176
-0.766706
-0.691965
-0.626474
-0.568931
-0.518205
-0.473325
-0.43346
-0.397897
-0.36603
-0.337338
-0.311374
-0.287753
-0.266141
-0.246247
-0.22782
-0.210635
-0.194497
-0.179229
-0.164675
-0.150693
-0.137154
-0.12394
-0.110941
-0.0980547
-0.0851839
-0.0722356
-0.0591198
-0.045748
-0.0320326
-0.017885
-0.00321525
0.0120699
0.0280677
0.0448812
0.0626203
0.0814041
0.101362
0.122637
0.145388
0.169791
0.196045
0.224377
0.255042
0.288335
0.324594
0.364212
0.407642
0.455414
0.508146
0.56656
0.631499
0.703951
0.785056
0.876129
0.978656
1.09427
1.22467
1.37151
1.53602
1.71858
1.91776
2.12877
2.34152
2.53955
2.69419
2.73692
2.60032
-2.81318
-2.93361
-2.8151
-2.57295
-2.30134
-2.03398
-1.78643
-1.56588
-1.37363
-1.20794
-1.06591
-0.944341
-0.840182
-0.750715
-0.673598
-0.606852
-0.548824
-0.498138
-0.45365
-0.41441
-0.379622
-0.348621
-0.320846
-0.295822
-0.273146
-0.252471
-0.2335
-0.215973
-0.199667
-0.184382
-0.169943
-0.156195
-0.142996
-0.130219
-0.117749
-0.105477
-0.0933035
-0.0811328
-0.0688747
-0.0564413
-0.0437466
-0.0307052
-0.017231
-0.00323604
0.0113705
0.0266838
0.0428047
0.0598415
0.0779112
0.0971423
0.117677
0.139672
0.163306
0.18878
0.216323
0.246198
0.278709
0.314209
0.353111
0.395902
0.443155
0.495552
0.553907
0.619196
0.692589
0.775492
0.869595
0.976912
1.09983
1.24109
1.40378
1.59109
1.80589
2.04982
2.32129
2.61265
2.90749
3.17069
3.30595
3.19487
-3.63214
-3.65035
-3.35769
-2.95032
-2.54889
-2.18666
-1.873
-1.60798
-1.38665
-1.20246
-1.04902
-0.920741
-0.812948
-0.721839
-0.644352
-0.578037
-0.520932
-0.471458
-0.42834
-0.390541
-0.357212
-0.327653
-0.301282
-0.277615
-0.25624
-0.236809
-0.219025
-0.202632
-0.187408
-0.173157
-0.159708
-0.14691
-0.134625
-0.12273
-0.111114
-0.0996718
-0.0883071
-0.0769287
-0.0654496
-0.0537854
-0.0418538
-0.0295725
-0.0168591
-0.00362924
0.0102045
0.0247337
0.0400556
0.0562746
0.0735043
0.0918691
0.111507
0.132573
0.15524
0.179707
0.206202
0.234985
0.266362
0.300691
0.338392
0.379966
0.426013
0.477254
0.534565
0.599015
0.671921
0.754909
0.850001
0.959715
1.08719
1.23632
1.41189
1.61958
1.86589
2.15741
2.49909
2.89069
3.32213
3.7584
4.07681
4.07838
-4.93397
-4.64068
-4.01648
-3.35566
-2.77801
-2.30085
-1.91624
-1.60911
-1.36379
-1.16672
-1.00713
-0.876669
-0.76899
-0.67928
-0.603871
-0.539954
-0.485352
-0.438366
-0.397653
-0.36214
-0.330966
-0.303425
-0.278941
-0.257034
-0.237302
-0.219408
-0.203063
-0.188021
-0.174067
-0.161017
-0.148705
-0.136988
-0.125736
-0.114831
-0.104168
-0.0936472
-0.083178
-0.0726739
-0.0620528
-0.0512351
-0.0401429
-0.0286986
-0.0168244
-0.00444041
0.00853585
0.022191
0.0366172
0.0519133
0.0681871
0.0855571
0.104155
0.124127
0.145641
0.168888
0.194084
0.221485
0.251387
0.284138
0.320153
0.359928
0.404063
0.453288
0.508499
0.57081
0.641614
0.722676
0.816252
0.92525
1.05346
1.20584
1.38893
1.61128
1.88396
2.22079
2.63781
3.15049
3.76663
4.46678
5.12953
5.46078
-7.17817
-6.00425
-4.7534
-3.73056
-2.9358
-2.33564
-1.88776
-1.55095
-1.29376
-1.09408
-0.936485
-0.810136
-0.70738
-0.622735
-0.55221
-0.492853
-0.442436
-0.399259
-0.361998
-0.329613
-0.301272
-0.276306
-0.254165
-0.234399
-0.21663
-0.200542
-0.185866
-0.172372
-0.159861
-0.14816
-0.137118
-0.1266
-0.116485
-0.106665
-0.0970413
-0.0875228
-0.0780246
-0.0684666
-0.0587726
-0.0488688
-0.0386828
-0.0281428
-0.0171764
-0.00570958
0.00633423
0.0190355
0.0324796
0.0467585
0.0619723
0.0782309
0.0956566
0.114386
0.134576
0.156402
0.180069
0.205814
0.233914
0.2647
0.298561
0.335968
0.377492
0.423836
0.475866
0.534672
0.601636
0.678539
0.7677
0.872199
0.996182
1.14533
1.32756
1.55404
1.84066
2.2101
2.69466
3.33686
4.18015
5.25641
6.56567
7.80735
-11.5602
-7.80272
-5.29311
-3.82004
-2.84181
-2.17233
-1.71139
-1.38446
-1.14422
-0.962345
-0.821158
-0.709185
-0.618766
-0.544637
-0.48308
-0.431397
-0.387584
-0.350124
-0.317844
-0.289828
-0.265343
-0.243801
-0.22472
-0.207704
-0.192421
-0.178592
-0.165981
-0.154384
-0.143626
-0.133554
-0.124032
-0.114941
-0.106175
-0.0976348
-0.0892337
-0.0808895
-0.0725263
-0.0640722
-0.0554586
-0.0466191
-0.0374887
-0.0280026
-0.0180957
-0.00770152
0.00324895
0.0148279
0.027112
0.0401837
0.0541325
0.0690567
0.0850655
0.102281
0.120841
0.140904
0.16265
0.18629
0.212071
0.240282
0.27127
0.305451
0.343332
0.385532
0.432824
0.486177
0.546829
0.616382
0.696948
0.791366
0.903536
1.03896
1.2056
1.41537
1.68652
2.04824
2.54904
3.26601
4.30365
5.85008
8.4499
12.3182
-18.9699
-9.55631
-5.06819
-3.24743
-2.28442
-1.70027
-1.32937
-1.07812
-0.896689
-0.759604
-0.652676
-0.567259
-0.49776
-0.440387
-0.392459
-0.352021
-0.317606
-0.28809
-0.262599
-0.240438
-0.221049
-0.203978
-0.18885
-0.175353
-0.163225
-0.152243
-0.142218
-0.132983
-0.124395
-0.116329
-0.108674
-0.101328
-0.0942042
-0.0872197
-0.0803002
-0.0733764
-0.0663838
-0.0592609
-0.0519492
-0.0443918
-0.0365329
-0.0283169
-0.019688
-0.0105891
-0.000961426
0.00925681
0.0201308
0.0317305
0.0441316
0.0574167
0.0716772
0.0870152
0.103545
0.121397
0.14072
0.161684
0.184491
0.209375
0.236611
0.266532
0.299537
0.336113
0.376859
0.422523
0.474052
0.532658
0.599929
0.67798
0.7697
0.879159
1.01231
1.1783
1.39196
1.67956
2.09194
2.72596
3.75691
5.67365
10.2794
19.8164
)
;

boundaryField
{
    movingWall
    {
        type            zeroGradient;
    }
    fixedWalls
    {
        type            zeroGradient;
    }
    frontAndBack
    {
        type            empty;
    }
}


// ************************************************************************* //
