/*--------------------------------*- C++ -*----------------------------------*\
| =========                 |                                                 |
| \\      /  F ield         | OpenFOAM: The Open Source CFD Toolbox           |
|  \\    /   O peration     | Version:  2506                                  |
|   \\  /    A nd           | Website:  www.openfoam.com                      |
|    \\/     M anipulation  |                                                 |
\*---------------------------------------------------------------------------*/
FoamFile
{
    version     2.0;
    format      ascii;
    arch        "LSB;label=32;scalar=64";
    class       volScalarField;
    location    "0.575";
    object      p;
}
// * * * * * * * * * * * * * * * * * * * * * * * * * * * * * * * * * * * * * //

dimensions      [0 2 -2 0 0 0 0];

internalField   nonuniform List<scalar> 
6400
(
4.33029e-06
1.99239e-05
-0.00048627
-0.00151927
-0.00296212
-0.00470454
-0.00664622
-0.00869758
-0.0107814
-0.0128322
-0.0147948
-0.0166231
-0.0182785
-0.0197294
-0.0209499
-0.0219192
-0.0226212
-0.0230436
-0.023178
-0.0230189
-0.0225638
-0.0218128
-0.0207684
-0.019435
-0.0178193
-0.0159293
-0.013775
-0.0113676
-0.00871968
-0.0058452
-0.00275913
0.000522498
0.00398267
0.00760351
0.0113663
0.0152518
0.0192398
0.0233097
0.0274405
0.0316107
0.0357984
0.0399816
0.0441379
0.0482452
0.0522811
0.0562235
0.0600507
0.0637411
0.0672739
0.0706289
0.0737864
0.0767281
0.0794366
0.0818957
0.0840908
0.086009
0.0876388
0.0889713
0.0899993
0.0907183
0.0911263
0.0912243
0.0910162
0.0905095
0.0897152
0.0886483
0.0873283
0.0857793
0.0840307
0.0821177
0.0800822
0.0779734
0.0758488
0.0737755
0.0718312
0.0701043
0.068692
0.0676984
0.0672305
0.0672684
-4.83103e-06
8.95592e-06
-0.000444662
-0.00132823
-0.00254256
-0.00400842
-0.00564994
-0.00739473
-0.00917751
-0.010941
-0.0126355
-0.0142185
-0.0156539
-0.0169113
-0.0179656
-0.0187965
-0.0193876
-0.0197265
-0.019804
-0.0196142
-0.0191536
-0.0184215
-0.0174194
-0.0161507
-0.0146209
-0.0128371
-0.010808
-0.00854383
-0.00605591
-0.00335698
-0.000460835
0.00261769
0.00586283
0.00925794
0.0127856
0.0164277
0.0201656
0.0239798
0.0278508
0.0317582
0.0356817
0.0396007
0.0434942
0.0473414
0.0511216
0.0548142
0.0583987
0.0618553
0.0651646
0.0683078
0.0712671
0.0740253
0.0765666
0.0788763
0.0809412
0.0827497
0.0842918
0.0855596
0.0865472
0.087251
0.0876702
0.0878064
0.0876642
0.0872515
0.0865796
0.0856635
0.0845221
0.083179
0.0816622
0.080005
0.0782462
0.076431
0.0746109
0.0728444
0.0711968
0.0697395
0.0685457
0.0676903
0.0672668
0.0673059
0.000501537
0.000463881
1.00413e-05
-0.000806093
-0.00189723
-0.00320004
-0.00465337
-0.0061971
-0.00777558
-0.00933876
-0.0108423
-0.0122476
-0.0135213
-0.0146348
-0.0155645
-0.0162906
-0.0167973
-0.0170722
-0.0171061
-0.0168927
-0.0164283
-0.0157114
-0.0147429
-0.0135257
-0.0120644
-0.0103652
-0.00843611
-0.00628628
-0.00392627
-0.00136783
0.0013762
0.00429198
0.00736472
0.0105788
0.0139179
0.0173649
0.0209021
0.0245113
0.028174
0.031871
0.035583
0.0392905
0.0429739
0.0466134
0.0501895
0.0536827
0.057074
0.0603445
0.0634761
0.0664513
0.0692532
0.0718661
0.0742752
0.0764669
0.0784291
0.0801512
0.0816242
0.0828409
0.0837965
0.0844881
0.0849152
0.0850801
0.0849877
0.084646
0.0840661
0.0832628
0.0822542
0.0810628
0.0797151
0.078242
0.0766795
0.0750683
0.0734544
0.071889
0.070428
0.0691306
0.068056
0.0672646
0.0668419
0.0668396
0.00153434
0.00134979
0.000826182
6.77158e-06
-0.00104171
-0.00226565
-0.00361332
-0.00503396
-0.00647992
-0.00790763
-0.00927789
-0.010556
-0.0117115
-0.0127183
-0.0135543
-0.0142008
-0.014643
-0.0148688
-0.0148694
-0.0146384
-0.0141719
-0.0134683
-0.0125282
-0.0113537
-0.00994908
-0.00832001
-0.00647367
-0.00441862
-0.00216467
0.000277213
0.00289497
0.00567558
0.00860511
0.0116688
0.0148512
0.018136
0.0215066
0.0249456
0.0284354
0.0319578
0.0354945
0.0390269
0.0425363
0.0460041
0.0494116
0.0527405
0.0559725
0.0590899
0.0620755
0.0649128
0.0675858
0.0700798
0.0723808
0.0744762
0.0763546
0.0780061
0.0794226
0.0805975
0.0815265
0.0822071
0.0826393
0.0828254
0.0827705
0.0824823
0.0819718
0.0812528
0.0803428
0.0792627
0.0780371
0.0766948
0.0752683
0.0737944
0.072314
0.0708717
0.0695157
0.0682964
0.0672643
0.0664711
0.0659847
0.0658493
0.00298336
0.00257236
0.00192092
0.00104862
-7.282e-06
-0.0012019
-0.00249134
-0.00383329
-0.00518747
-0.00651639
-0.00778586
-0.00896515
-0.0100271
-0.010948
-0.0117075
-0.0122888
-0.0126776
-0.0128629
-0.0128362
-0.0125914
-0.0121247
-0.0114343
-0.0105206
-0.00938548
-0.00803271
-0.00646751
-0.00469652
-0.0027277
-0.000570214
0.00176563
0.00426851
0.00692614
0.00972536
0.0126522
0.015692
0.0188294
0.0220484
0.0253327
0.0286654
0.0320292
0.0354068
0.0387804
0.0421323
0.0454446
0.0486997
0.05188
0.0549682
0.0579476
0.0608017
0.0635149
0.0660721
0.0684593
0.0706633
0.0726722
0.0744755
0.0760637
0.0774293
0.0785663
0.0794707
0.0801403
0.0805753
0.080778
0.0807534
0.080509
0.080055
0.0794045
0.0785738
0.0775823
0.0764527
0.0752109
0.0738865
0.0725121
0.0711236
0.0697599
0.068462
0.0672722
0.066234
0.0653911
0.0647846
0.0644369
0.00474646
0.00405859
0.00323614
0.00227062
0.0011659
-4.09209e-05
-0.00131259
-0.00261438
-0.00391273
-0.00517579
-0.00637412
-0.00748093
-0.00847223
-0.00932694
-0.0100268
-0.0105565
-0.0109031
-0.0110564
-0.0110086
-0.010754
-0.0102889
-0.00961183
-0.00872285
-0.00762383
-0.00631817
-0.00481074
-0.00310773
-0.00121661
0.000853993
0.00309438
0.00549385
0.00804079
0.0107227
0.0135265
0.016438
0.0194427
0.0225256
0.0256708
0.0288624
0.032084
0.0353189
0.0385502
0.041761
0.0449343
0.0480531
0.0511009
0.054061
0.0569175
0.0596546
0.0622575
0.0647119
0.0670044
0.0691225
0.0710549
0.0727915
0.0743235
0.0756438
0.0767466
0.0776283
0.0782868
0.0787224
0.0789372
0.078936
0.0787257
0.0783158
0.0777186
0.0769491
0.0760248
0.0749666
0.0737976
0.0725443
0.0712354
0.0699023
0.0685783
0.067298
0.0660968
0.0650117
0.0640795
0.0633098
0.0626989
0.00673296
0.00573993
0.00471661
0.00362625
0.00243876
0.00118473
-0.000104058
-0.00139956
-0.00267421
-0.0039013
-0.0050558
-0.00611464
-0.00705698
-0.00786434
-0.00852061
-0.00901206
-0.00932726
-0.00945702
-0.00939422
-0.00913374
-0.00867237
-0.00800865
-0.00714278
-0.00607654
-0.00481317
-0.00335727
-0.00171472
0.000107427
0.002101
0.0042568
0.00656469
0.00901363
0.0115918
0.0142865
0.0170846
0.0199721
0.0229345
0.025957
0.0290241
0.0321203
0.0352294
0.0383355
0.0414222
0.0444734
0.0474728
0.0504044
0.0532525
0.0560015
0.0586366
0.0611435
0.0635084
0.0657186
0.067762
0.0696279
0.0713066
0.0727897
0.0740703
0.0751429
0.0760039
0.0766514
0.0770854
0.077308
0.0773234
0.0771379
0.0767604
0.0762019
0.075476
0.0745989
0.0735889
0.0724669
0.0712562
0.0699819
0.0686712
0.0673525
0.0660547
0.064807
0.0636413
0.0625883
0.0616255
0.0607219
0.00886356
0.00755184
0.00630853
0.00507013
0.00377379
0.00244479
0.00111058
-0.000206628
-0.00148458
-0.00270117
-0.00383538
-0.00486766
-0.00578017
-0.00655695
-0.00718402
-0.0076494
-0.00794307
-0.00805695
-0.0079848
-0.00772216
-0.00726628
-0.00661599
-0.00577167
-0.00473512
-0.00350952
-0.0020993
-0.000510097
0.00125133
0.0031772
0.00525873
0.00748625
0.00984924
0.0123364
0.0149357
0.0176344
0.0204193
0.0232764
0.0261916
0.02915
0.0321366
0.0351363
0.0381333
0.0411123
0.0440575
0.0469533
0.0497844
0.0525356
0.0551921
0.0577393
0.0601636
0.0624517
0.0645913
0.0665709
0.0683799
0.070009
0.0714501
0.0726964
0.0737426
0.074585
0.0752217
0.0756524
0.0758789
0.0759049
0.075736
0.0753801
0.0748473
0.0741497
0.0733017
0.0723197
0.0712222
0.0700294
0.0687633
0.0674472
0.0661051
0.0647611
0.0634387
0.062166
0.0609687
0.0597931
0.0585823
0.0110712
0.0094368
0.00796238
0.00655972
0.00513503
0.00370956
0.00230735
0.000945618
-0.000357999
-0.00158548
-0.00271945
-0.00374359
-0.00464288
-0.00540379
-0.0060144
-0.00646447
-0.0067454
-0.00685029
-0.00677383
-0.0065123
-0.00606347
-0.00542659
-0.00460227
-0.00359243
-0.00240027
-0.00103014
0.000512459
0.00222102
0.00408805
0.00610513
0.00826298
0.0105515
0.0129599
0.0154766
0.0180894
0.0207856
0.0235518
0.0263744
0.0292391
0.0321316
0.0350371
0.0379407
0.0408273
0.0436818
0.0464894
0.0492349
0.0519038
0.0544817
0.0569547
0.0593092
0.0615327
0.063613
0.0655389
0.0673002
0.0688877
0.0702935
0.0715109
0.0725345
0.0733606
0.0739869
0.074413
0.0746402
0.0746715
0.074512
0.0741685
0.0736499
0.072967
0.0721325
0.071161
0.0700685
0.0688727
0.0675924
0.0662476
0.0648586
0.063445
0.0620259
0.0606261
0.0592678
0.0578675
0.0563445
0.0132999
0.0113447
0.00963367
0.00805587
0.00648865
0.00495024
0.00346219
0.00203751
0.000689822
-0.000566423
-0.00171711
-0.00274886
-0.00364926
-0.00440708
-0.00501237
-0.00545655
-0.00573248
-0.00583442
-0.00575805
-0.0055004
-0.00505988
-0.00443616
-0.00363019
-0.00264408
-0.00148112
-0.000145666
0.00135688
0.00302018
0.00483694
0.00679903
0.0088975
0.0111226
0.013464
0.0159104
0.0184503
0.0210712
0.0237604
0.0265047
0.0292903
0.0321033
0.0349295
0.0377545
0.0405637
0.0433425
0.0460763
0.0487506
0.0513513
0.0538642
0.0562759
0.0585733
0.0607438
0.0627756
0.0646579
0.0663805
0.0679344
0.0693116
0.0705053
0.0715103
0.0723224
0.0729393
0.07336
0.0735853
0.0736177
0.0734614
0.0731222
0.072608
0.0719281
0.0710936
0.0701173
0.0690131
0.0677964
0.0664832
0.0650905
0.0636352
0.0621333
0.0606002
0.0590585
0.0575275
0.0558962
0.0540619
0.0155029
0.013232
0.0112827
0.00952293
0.0078031
0.00613941
0.00455164
0.0030493
0.00164258
0.000342813
-0.000838762
-0.00189142
-0.00280515
-0.00357082
-0.00418035
-0.00462679
-0.00490437
-0.00500853
-0.00493593
-0.00468442
-0.00425303
-0.00364196
-0.00285251
-0.00188708
-0.000749082
0.000557049
0.00202595
0.00365137
0.00542619
0.00734248
0.00939156
0.011564
0.0138497
0.0162379
0.0187173
0.021276
0.0239016
0.0265812
0.0293017
0.0320496
0.0348109
0.0375718
0.040318
0.0430353
0.0457096
0.0483267
0.0508727
0.0533339
0.055697
0.0579492
0.0600782
0.0620724
0.0639208
0.0656136
0.0671416
0.0684968
0.0696724
0.0706629
0.0714638
0.0720726
0.0724877
0.0727094
0.0727394
0.0725812
0.0722397
0.0717214
0.0710345
0.0701886
0.0691946
0.0680647
0.0668119
0.0654501
0.0639935
0.0624562
0.0608513
0.0591909
0.0574962
0.0557849
0.0539201
0.0517786
0.0176407
0.0150611
0.0128743
0.0109285
0.00904922
0.00725118
0.00555308
0.00396149
0.00248371
0.00112839
-9.57797e-05
-0.00118043
-0.00211772
-0.00290046
-0.00352231
-0.00397785
-0.00426265
-0.0043733
-0.00430742
-0.0040637
-0.00364184
-0.00304256
-0.0022676
-0.00131964
-0.000202315
0.00107984
0.00252143
0.00411624
0.00585727
0.00773673
0.00974615
0.0118763
0.0141175
0.0164591
0.0188902
0.0213993
0.0239742
0.0266027
0.0292717
0.0319681
0.0346785
0.0373892
0.0400865
0.0427563
0.0453849
0.0479583
0.0504629
0.0528853
0.0552122
0.0574312
0.0595299
0.0614968
0.0633212
0.0649929
0.0665028
0.0678429
0.0690061
0.0699865
0.0707795
0.0713819
0.0717918
0.0720089
0.0720341
0.07187
0.0715206
0.0709914
0.0702892
0.0694221
0.0683997
0.0672322
0.0659309
0.0645075
0.0629739
0.0613421
0.0596225
0.0578247
0.0559692
0.0540726
0.051974
0.0495313
0.0196798
0.016799
0.0143769
0.0122434
0.0102001
0.00826121
0.00644477
0.00475495
0.00319658
0.00177602
0.00049974
-0.000625986
-0.00159526
-0.00240268
-0.00304352
-0.00351379
-0.00381033
-0.00393084
-0.0038739
-0.00363902
-0.00322657
-0.00263786
-0.00187505
-0.000941181
0.00015988
0.00142345
0.00284405
0.00441546
0.00613073
0.00798218
0.00996146
0.0120596
0.014267
0.0165734
0.0189681
0.0214398
0.0239768
0.026567
0.0291978
0.0318563
0.0345294
0.0372037
0.0398656
0.0425016
0.0450979
0.0476409
0.0501171
0.0525132
0.0548163
0.0570136
0.0590932
0.0610433
0.0628533
0.0645128
0.0660127
0.0673447
0.0685013
0.0694765
0.0702652
0.0708636
0.0712695
0.0714817
0.0715005
0.0713276
0.0709661
0.0704203
0.0696961
0.0688001
0.0677403
0.0665256
0.0651654
0.0636698
0.0620487
0.0603123
0.0584689
0.056526
0.054504
0.0524192
0.050088
0.0473506
0.0215914
0.0184169
0.0157627
0.0134409
0.0112309
0.00914664
0.00720596
0.00541104
0.00376464
0.00227116
0.000935164
-0.00023895
-0.00124702
-0.00208527
-0.00275044
-0.0032399
-0.00355168
-0.00368454
-0.00363802
-0.00341239
-0.00300876
-0.00242897
-0.00167568
-0.000752268
0.000337107
0.00158758
0.00299355
0.00454876
0.00624624
0.00807838
0.0100369
0.012113
0.0142972
0.0165795
0.0189494
0.0213959
0.0239074
0.0264721
0.0290776
0.0317114
0.0343605
0.0370117
0.0396518
0.0422672
0.0448445
0.0473701
0.0498308
0.0522131
0.0545043
0.0566917
0.0587631
0.0607069
0.0625122
0.0641686
0.0656666
0.0669976
0.068154
0.0691292
0.0699177
0.0705153
0.0709189
0.0711268
0.0711386
0.0709551
0.0705784
0.0700119
0.0692602
0.0683289
0.0672247
0.0659548
0.0645275
0.0629511
0.0612341
0.0593851
0.0574107
0.055317
0.0531245
0.0508499
0.0482879
0.0452621
0.0233505
0.0198894
0.0170064
0.0144968
0.0121186
0.00988596
0.00781677
0.00591161
0.0041715
0.00259915
0.00119746
-3.07835e-05
-0.001083
-0.00195688
-0.00265052
-0.00316254
-0.0034921
-0.00363897
-0.00360358
-0.00338703
-0.00299107
-0.00241814
-0.00167136
-0.000754518
0.000327952
0.00157096
0.00296876
0.00451499
0.00620265
0.00802413
0.00997124
0.0120352
0.0142067
0.0164759
0.0188324
0.0212654
0.0237636
0.0263153
0.0289084
0.0315304
0.0341685
0.0368099
0.0394412
0.0420493
0.0446206
0.0471418
0.0495994
0.0519804
0.0542718
0.0564608
0.0585352
0.0604832
0.0622937
0.0639561
0.0654606
0.0667983
0.0679611
0.068942
0.069735
0.0703353
0.0707392
0.0709443
0.0709494
0.0707544
0.0703607
0.0697705
0.0689874
0.068016
0.0668616
0.0655305
0.0640293
0.0623653
0.0605457
0.0585778
0.0564669
0.0542181
0.0518523
0.0493868
0.046596
0.0432875
0.0249349
0.0211937
0.0180853
0.0153887
0.0128418
0.0104588
0.00825814
0.00623899
0.00440091
0.0027452
0.0012733
-1.34509e-05
-0.00111386
-0.00202696
-0.00275209
-0.00328903
-0.00363798
-0.0037997
-0.00377548
-0.00356718
-0.00317723
-0.00260865
-0.00186503
-0.000950542
0.000130045
0.0013714
0.0027676
0.00431215
0.00599799
0.00781746
0.00976238
0.011824
0.0139932
0.0162601
0.0186145
0.0210458
0.0235427
0.0260937
0.0286868
0.0313098
0.03395
0.0365945
0.0392302
0.0418438
0.0444221
0.0469516
0.049419
0.051811
0.0541145
0.0563168
0.0584053
0.0603682
0.062194
0.0638718
0.0653916
0.0667438
0.0679202
0.068913
0.0697158
0.0703232
0.0707307
0.0709352
0.0709348
0.0707286
0.070317
0.0697013
0.0688842
0.0678691
0.0666604
0.0652631
0.063683
0.0619261
0.0599987
0.0579069
0.0556552
0.0532479
0.0507067
0.0480498
0.0450321
0.0414455
0.0263248
0.0223091
0.0189783
0.0160961
0.0133803
0.0108459
0.00851172
0.00637594
0.00443685
0.0026945
0.00114908
-0.000199351
-0.00135085
-0.00230567
-0.00306428
-0.00362754
-0.00399666
-0.0041733
-0.00415959
-0.00395812
-0.00357198
-0.00300476
-0.00226053
-0.00134388
-0.000259883
0.000985847
0.00238718
0.00393748
0.00562954
0.00745567
0.00940766
0.0114768
0.0136539
0.0159293
0.0182928
0.0207339
0.0232414
0.025804
0.0284097
0.0310463
0.0337012
0.0363617
0.0390147
0.041647
0.0442451
0.0467958
0.0492854
0.0517008
0.0540286
0.0562558
0.0583699
0.0603585
0.06221
0.063913
0.065457
0.0668322
0.0680297
0.0690413
0.0698598
0.0704792
0.0708944
0.0711015
0.0710978
0.0708815
0.0704522
0.0698104
0.0689577
0.0678967
0.0666306
0.0651638
0.0635009
0.061647
0.0596076
0.0573881
0.0549924
0.0524239
0.0497057
0.0468569
0.0436137
0.0397525
0.0275019
0.0232162
0.019666
0.0165993
0.013715
0.0110286
0.00855969
0.00630556
0.00426337
0.00243214
0.000810957
-0.000601275
-0.00180574
-0.00280378
-0.00359694
-0.00418706
-0.00457631
-0.0047672
-0.00476266
-0.004566
-0.00418095
-0.00361165
-0.00286265
-0.00193893
-0.000845947
0.000410426
0.00182382
0.00338741
0.00509386
0.00693539
0.00890374
0.0109902
0.0131855
0.0154801
0.0178639
0.0203263
0.0228563
0.0254425
0.0280731
0.0307359
0.0334183
0.0361077
0.0387909
0.0414547
0.0440856
0.0466702
0.0491948
0.051646
0.0540103
0.0562745
0.0584256
0.0604511
0.0623388
0.0640771
0.0656549
0.067062
0.0682887
0.0693264
0.0701673
0.0708045
0.0712323
0.0714459
0.0714419
0.0712177
0.070772
0.0701045
0.0692158
0.0681076
0.0667825
0.0652437
0.0634952
0.0615413
0.0593869
0.0570368
0.0544942
0.0517625
0.0488658
0.0458247
0.0423566
0.0382233
0.0284492
0.0238973
0.0201299
0.01688
0.0138275
0.010989
0.00838472
0.00601118
0.00386463
0.00194316
0.000244854
-0.00123238
-0.00249077
-0.00353266
-0.00436058
-0.00497731
-0.00538588
-0.00558966
-0.00559232
-0.00539786
-0.00501063
-0.00443532
-0.00367695
-0.00274093
-0.00163306
-0.000359516
0.00107308
0.00265768
0.00438682
0.00625259
0.00824664
0.0103602
0.0125841
0.0149086
0.0173238
0.0198189
0.0223832
0.0250052
0.027673
0.0303746
0.0330973
0.0358283
0.0385547
0.0412629
0.0439395
0.0465709
0.0491433
0.0516429
0.0540561
0.0563694
0.0585694
0.0606433
0.0625783
0.0643624
0.065984
0.0674323
0.068697
0.0697688
0.0706392
0.0713007
0.0717468
0.0719718
0.0719715
0.0717425
0.0712827
0.0705908
0.0696667
0.0685113
0.0671263
0.0655143
0.0636784
0.0616224
0.0593507
0.0568676
0.0541761
0.0512793
0.0482027
0.0449684
0.0412757
0.0368712
0.0291505
0.0243351
0.0203523
0.0169202
0.0137002
0.0107096
0.00796975
0.00547633
0.00322481
0.00121244
-0.000563548
-0.0021062
-0.00341866
-0.00450423
-0.00536634
-0.00600865
-0.00643505
-0.00664968
-0.00665694
-0.00646149
-0.00606829
-0.00548256
-0.0047098
-0.00375586
-0.00262687
-0.00132936
0.000129804
0.00174335
0.00350363
0.00540259
0.00743181
0.00958243
0.0118452
0.0142105
0.0166681
0.0192076
0.021818
0.0244878
0.0272052
0.029958
0.0327337
0.0355193
0.0383017
0.0410675
0.0438029
0.0464941
0.0491271
0.051688
0.0541628
0.0565376
0.0587986
0.0609326
0.0629263
0.0647673
0.0664432
0.0679427
0.0692547
0.0703694
0.0712774
0.0719704
0.0724412
0.0726833
0.0726916
0.0724619
0.0719911
0.0712772
0.0703194
0.0691177
0.067673
0.0659873
0.0640632
0.0619038
0.0595132
0.0568954
0.0540531
0.0509894
0.0477316
0.0443029
0.0403847
0.0357088
0.0295902
0.0245132
0.0203163
0.0167027
0.0133157
0.0101734
0.00729795
0.0046846
0.00232803
0.000224741
-0.00162884
-0.00323659
-0.00460256
-0.0057309
-0.00662593
-0.00729212
-0.00773417
-0.00795697
-0.00796561
-0.00776542
-0.00736193
-0.00676089
-0.0059683
-0.00499041
-0.00383375
-0.00250517
-0.00101181
0.000638823
0.00243888
0.00438017
0.00645413
0.00865184
0.010964
0.0133808
0.0158922
0.0184875
0.0211558
0.0238855
0.0266649
0.0294816
0.032323
0.0351762
0.0380277
0.0408641
0.0436714
0.0464357
0.0491425
0.0517778
0.054327
0.056776
0.0591106
0.061317
0.0633814
0.0652906
0.067032
0.0685932
0.0699626
0.0711296
0.0720839
0.0728166
0.0733194
0.0735852
0.0736079
0.0733824
0.0729049
0.0721725
0.0711835
0.0699372
0.068434
0.0666751
0.0646625
0.0623991
0.0598885
0.0571346
0.0541401
0.0509079
0.047467
0.0438424
0.0396972
0.0347484
0.0297529
0.0244153
0.0200051
0.0162106
0.012657
0.00936319
0.00635252
0.00361955
0.00115829
-0.00103542
-0.00296589
-0.00463783
-0.00605608
-0.00722563
-0.00815162
-0.00883934
-0.00929422
-0.00952188
-0.00952811
-0.00931886
-0.00890024
-0.00827853
-0.00746022
-0.00645198
-0.00526073
-0.00389365
-0.00235819
-0.000662087
0.00118661
0.00317953
0.00530798
0.00756294
0.00993497
0.0124143
0.0149907
0.0176535
0.0203916
0.0231935
0.0260472
0.0289405
0.0318605
0.0347942
0.0377281
0.0406484
0.043541
0.0463917
0.0491858
0.0519087
0.0545456
0.057082
0.0595031
0.0617945
0.063942
0.0659316
0.0677501
0.0693842
0.0708219
0.0720513
0.0730616
0.0738428
0.0743859
0.0746828
0.0747266
0.0745113
0.0740322
0.0732855
0.0722688
0.0709808
0.0694209
0.06759
0.0654897
0.0631222
0.060491
0.0576001
0.0544518
0.0510494
0.0474236
0.0436011
0.0392265
0.034002
0.0296234
0.0240254
0.019402
0.0154269
0.011707
0.0082621
0.00511663
0.00226461
-0.000300596
-0.00258377
-0.00458994
-0.00632457
-0.00779329
-0.00900188
-0.00995627
-0.0106625
-0.0111268
-0.0113554
-0.0113548
-0.0111317
-0.0106926
-0.0100443
-0.00919396
-0.00814856
-0.00691545
-0.00550213
-0.00391635
-0.00216613
-0.000259704
0.00179437
0.00398724
0.00630976
0.0087524
0.0113053
0.013958
0.0167
0.0195199
0.0224062
0.0253469
0.0283295
0.0313412
0.0343686
0.0373981
0.0404158
0.0434073
0.046358
0.049253
0.0520772
0.0548155
0.0574527
0.0599737
0.0623634
0.0646069
0.0666897
0.0685976
0.0703167
0.0718339
0.0731368
0.0742135
0.0750531
0.0756456
0.0759821
0.0760547
0.0758565
0.0753818
0.0746261
0.0735862
0.0722599
0.0706463
0.0687454
0.0665584
0.0640874
0.0613356
0.0583068
0.0550036
0.0514292
0.0476163
0.0435933
0.0389862
0.0334819
0.0291863
0.0233273
0.0184904
0.0143347
0.0104485
0.00685296
0.00357324
0.000602974
-0.00206511
-0.0044364
-0.00651661
-0.00831192
-0.00982874
-0.0110736
-0.0120532
-0.0127744
-0.013244
-0.0134691
-0.0134568
-0.0132143
-0.0127488
-0.0120678
-0.0111786
-0.0100888
-0.00880612
-0.00733846
-0.00569385
-0.00388055
-0.00190705
0.00021792
0.00248535
0.00488593
0.00741001
0.0100476
0.0127883
0.0156212
0.0185351
0.0215182
0.0245585
0.0276433
0.0307597
0.0338941
0.0370329
0.0401616
0.0432658
0.0463304
0.0493403
0.0522799
0.0551335
0.0578856
0.0605204
0.0630221
0.0653753
0.0675645
0.0695749
0.0713916
0.0730008
0.0743889
0.0755433
0.076452
0.0771041
0.0774896
0.0775996
0.0774263
0.0769631
0.0762047
0.0751469
0.0737868
0.072123
0.0701548
0.0678831
0.0653096
0.0624373
0.0592703
0.0558108
0.0520626
0.0480601
0.0438335
0.0389899
0.0332007
0.028426
0.0223046
0.0172534
0.0129167
0.00886436
0.00511835
0.00170504
-0.00138248
-0.0041521
-0.0066098
-0.00876196
-0.0106155
-0.0121775
-0.0134553
-0.0144564
-0.0151883
-0.0156587
-0.0158752
-0.0158456
-0.0155778
-0.0150796
-0.0143588
-0.0134236
-0.0122817
-0.0109415
-0.00941101
-0.0076987
-0.00581308
-0.00376287
-0.00155701
0.000795324
0.00328466
0.00590122
0.00863486
0.0114751
0.0144109
0.017431
0.0205235
0.0236761
0.0268762
0.0301106
0.0333656
0.0366273
0.039881
0.0431119
0.0463047
0.0494437
0.0525131
0.0554966
0.058378
0.0611409
0.0637691
0.0662461
0.0685558
0.0706825
0.0726104
0.0743247
0.0758108
0.0770551
0.0780446
0.0787673
0.0792122
0.0793693
0.0792299
0.0787863
0.0780323
0.0769628
0.0755744
0.0738647
0.0718327
0.0694787
0.0668043
0.0638123
0.0605066
0.0568899
0.0529658
0.0487708
0.0443371
0.0392522
0.0331716
0.0273263
0.0209404
0.0156738
0.0111554
0.00693668
0.00304051
-0.000505698
-0.00370933
-0.00657888
-0.00912095
-0.0113426
-0.0132513
-0.0148552
-0.0161621
-0.0171803
-0.0179182
-0.018384
-0.0185863
-0.0185334
-0.0182337
-0.0176958
-0.0169281
-0.0159391
-0.0147371
-0.0133307
-0.0117286
-0.00993936
-0.00797184
-0.00583499
-0.00353797
-0.00109016
0.00149884
0.00421908
0.0070603
0.0100119
0.0130627
0.0162014
0.0194159
0.0226938
0.0260224
0.0293883
0.0327776
0.0361761
0.0395689
0.042941
0.0462764
0.0495593
0.0527732
0.0559015
0.0589272
0.0618333
0.0646028
0.0672186
0.0696636
0.0719212
0.0739746
0.075808
0.0774059
0.0787533
0.0798364
0.0806418
0.0811576
0.0813726
0.0812769
0.080862
0.0801206
0.0790468
0.0776362
0.0758859
0.0737943
0.0713612
0.0685879
0.0654771
0.0620328
0.0582576
0.0541555
0.049765
0.0451201
0.0397883
0.0334088
0.0258707
0.0192176
0.0137337
0.00903277
0.00464727
0.000601111
-0.00307724
-0.00639568
-0.00936333
-0.0119874
-0.0142756
-0.0162362
-0.0178779
-0.0192095
-0.02024
-0.0209785
-0.021434
-0.0216157
-0.0215328
-0.0211943
-0.0206092
-0.0197867
-0.0187356
-0.0174649
-0.0159835
-0.0143004
-0.0124246
-0.0103653
-0.00813158
-0.00573286
-0.00317872
-0.000478935
0.00235641
0.00531691
0.0083918
0.0115699
0.0148397
0.018189
0.0216054
0.0250758
0.0285868
0.0321243
0.0356738
0.0392203
0.042748
0.0462411
0.0496829
0.0530566
0.056345
0.0595305
0.0625955
0.0655221
0.0682922
0.0708881
0.0732919
0.0754861
0.0774537
0.0791779
0.0806428
0.0818331
0.0827346
0.0833338
0.0836186
0.0835778
0.0832018
0.0824822
0.0814123
0.0799868
0.078202
0.0760557
0.0735473
0.0706777
0.0674495
0.0638667
0.059932
0.0556497
0.0510602
0.0461995
0.0406145
0.0339274
0.0240418
0.0171181
0.0114148
0.00653008
0.00197728
-0.00221874
-0.00602844
-0.00946025
-0.0125239
-0.0152273
-0.0175787
-0.0195873
-0.0212625
-0.0226138
-0.0236511
-0.0243842
-0.024823
-0.0249774
-0.0248571
-0.024472
-0.0238318
-0.0229459
-0.0218241
-0.0204755
-0.0189097
-0.017136
-0.0151637
-0.0130022
-0.010661
-0.0081498
-0.00547822
-0.00265629
0.000305785
0.00339746
0.00660785
0.00992568
0.0133392
0.0168364
0.0204045
0.0240303
0.0277003
0.0314001
0.035115
0.0388297
0.0425282
0.046194
0.0498102
0.0533595
0.0568239
0.0601854
0.0634254
0.0665253
0.0694662
0.0722293
0.0747957
0.0771469
0.0792646
0.0811309
0.0827286
0.0840412
0.0850531
0.0857496
0.0861171
0.0861435
0.0858177
0.0851304
0.0840737
0.0826415
0.0808292
0.078634
0.0760547
0.073092
0.0697482
0.0660274
0.0619322
0.0574672
0.052675
0.0475935
0.0417482
0.0347439
0.0218215
0.0146234
0.00869799
0.00362796
-0.00109287
-0.00543868
-0.00937889
-0.0129225
-0.0160798
-0.0188594
-0.0212704
-0.0233226
-0.0250263
-0.0263918
-0.0274299
-0.028151
-0.028566
-0.0286854
-0.0285199
-0.02808
-0.0273758
-0.0264178
-0.0252158
-0.0237798
-0.0221196
-0.0202451
-0.0181658
-0.0158915
-0.013432
-0.0107971
-0.00799669
-0.00504098
-0.00194032
0.00129462
0.00465286
0.00812301
0.0116933
0.0153514
0.0190846
0.0228796
0.0267226
0.0305991
0.034494
0.0383919
0.0422763
0.0461305
0.049937
0.0536779
0.0573349
0.0608889
0.0643209
0.0676112
0.07074
0.0736875
0.0764339
0.0789592
0.081244
0.0832693
0.0850163
0.0864673
0.0876052
0.088414
0.0888787
0.0889857
0.0887227
0.0880793
0.0870463
0.0856166
0.0837849
0.0815474
0.0789025
0.0758504
0.0723933
0.068535
0.0642785
0.0596284
0.0546295
0.0493218
0.0432083
0.035876
0.019191
0.0117137
0.00556326
0.000306168
-0.00458357
-0.00907917
-0.013149
-0.0168025
-0.020051
-0.0229035
-0.0253699
-0.0274609
-0.0291875
-0.0305611
-0.0315931
-0.032295
-0.0326784
-0.0327548
-0.0325354
-0.0320316
-0.0312543
-0.0302143
-0.0289223
-0.0273886
-0.0256237
-0.0236376
-0.0214405
-0.0190424
-0.0164532
-0.0136831
-0.0107422
-0.00764084
-0.00438951
-0.000998983
0.00251965
0.00615491
0.00989492
0.0137273
0.0176393
0.0216173
0.0256475
0.0297152
0.0338051
0.0379013
0.0419873
0.0460458
0.0500589
0.0540082
0.0578745
0.0616384
0.0652798
0.0687783
0.072113
0.0752631
0.0782075
0.0809252
0.0833954
0.0855976
0.0875117
0.0891185
0.0903994
0.0913368
0.0919143
0.0921168
0.0919306
0.0913439
0.0903463
0.0889297
0.0870874
0.0848153
0.0821109
0.0789738
0.075406
0.0714114
0.0669928
0.0621551
0.0569452
0.0514053
0.0450152
0.037343
0.0161304
0.00836875
0.00198971
-0.00345648
-0.00851616
-0.0131616
-0.01736
-0.0211216
-0.0244582
-0.0273798
-0.029897
-0.0320214
-0.0337648
-0.0351397
-0.0361582
-0.036833
-0.0371763
-0.0372007
-0.0369182
-0.0363407
-0.0354802
-0.0343479
-0.0329553
-0.0313132
-0.0294325
-0.0273237
-0.0249974
-0.0224638
-0.0197333
-0.0168162
-0.0137228
-0.0104637
-0.00704931
-0.00349067
0.000201096
0.00401444
0.00793741
0.0119576
0.016062
0.0202372
0.024469
0.0287426
0.0330425
0.0373527
0.0416561
0.0459351
0.0501715
0.0543461
0.0584394
0.062431
0.0663
0.0700252
0.0735847
0.0769564
0.0801181
0.0830475
0.0857223
0.0881207
0.090221
0.0920023
0.0934445
0.0945283
0.0952357
0.09555
0.095456
0.0949402
0.0939911
0.0925991
0.0907567
0.0884585
0.0857014
0.0824845
0.0788094
0.0746799
0.0700986
0.0650708
0.0596455
0.053867
0.0471911
0.0391662
0.0126187
0.0045669
-0.00204464
-0.00768224
-0.012913
-0.0177083
-0.0220343
-0.0259018
-0.0293234
-0.0323099
-0.0348727
-0.0370245
-0.038778
-0.0401465
-0.0411434
-0.0417822
-0.0420763
-0.0420388
-0.0416829
-0.0410214
-0.0400668
-0.0388313
-0.0373267
-0.0355647
-0.0335566
-0.0313133
-0.0288459
-0.0261649
-0.023281
-0.0202047
-0.0169465
-0.0135171
-0.0099271
-0.00618759
-0.00230977
0.00169479
0.00581408
0.0100356
0.0143464
0.0187329
0.0231808
0.0276753
0.0322006
0.0367403
0.0412773
0.0457935
0.0502702
0.0546878
0.059026
0.0632637
0.0673793
0.0713505
0.0751544
0.0787678
0.0821671
0.0853286
0.0882286
0.0908436
0.0931505
0.0951265
0.0967498
0.0979994
0.0988554
0.0992993
0.0993143
0.0988853
0.0979991
0.0966448
0.0948136
0.0924991
0.0896972
0.0864065
0.0826281
0.0783655
0.0736213
0.0684009
0.0627556
0.0567318
0.04976
0.0413686
0.00863399
0.000285457
-0.00656295
-0.0123946
-0.0177978
-0.0227431
-0.0271954
-0.0311663
-0.0346694
-0.037716
-0.0403188
-0.0424913
-0.0442473
-0.0456012
-0.0465675
-0.0471607
-0.0473952
-0.0472853
-0.046845
-0.0460881
-0.0450277
-0.043677
-0.0420485
-0.0401544
-0.0380065
-0.0356164
-0.0329954
-0.0301545
-0.0271046
-0.0238565
-0.0204209
-0.0168084
-0.01303
-0.00909666
-0.00501964
-0.000810577
0.00351853
0.0079552
0.0124864
0.0170985
0.0217773
0.0265076
0.0312737
0.036059
0.040846
0.0456163
0.0503508
0.0550293
0.0596309
0.0641338
0.0685156
0.0727528
0.0768217
0.0806976
0.0843558
0.087771
0.0909181
0.0937717
0.096307
0.0984995
0.100325
0.101762
0.102786
0.103379
0.103522
0.103197
0.10239
0.101088
0.0992807
0.096961
0.0941234
0.0907658
0.0868888
0.0824955
0.0775885
0.0721729
0.0663028
0.0600266
0.0527485
0.0439755
0.00415288
-0.00449958
-0.0115897
-0.0176182
-0.0231954
-0.0282907
-0.0328681
-0.0369397
-0.0405201
-0.0436218
-0.0462582
-0.0484439
-0.0501941
-0.0515242
-0.0524499
-0.0529868
-0.0531506
-0.0529567
-0.0524199
-0.0515551
-0.0503765
-0.0488978
-0.0471324
-0.0450932
-0.0427926
-0.0402426
-0.0374551
-0.0344412
-0.0312123
-0.0277794
-0.0241532
-0.0203447
-0.0163647
-0.0122243
-0.00793484
-0.00350783
0.00104472
0.00571035
0.0104761
0.0153282
0.0202526
0.025234
0.0302566
0.0353035
0.0403571
0.0453987
0.0504087
0.0553665
0.0602506
0.0650384
0.0697065
0.0742307
0.0785859
0.0827464
0.0866859
0.0903777
0.0937949
0.0969105
0.0996976
0.10213
0.104181
0.105827
0.107043
0.107806
0.108097
0.107895
0.107185
0.105951
0.104182
0.10187
0.0990068
0.0955903
0.0916201
0.0870992
0.0820297
0.0764168
0.070317
0.063781
0.0561852
0.0470148
-0.000849271
-0.00981366
-0.0171509
-0.0233795
-0.0291323
-0.0343777
-0.0390785
-0.0432479
-0.0469012
-0.0500519
-0.0527148
-0.0549055
-0.0566405
-0.0579366
-0.0588106
-0.0592796
-0.0593605
-0.0590696
-0.0584233
-0.0574372
-0.0561267
-0.0545063
-0.0525903
-0.0503921
-0.0479249
-0.0452013
-0.0422334
-0.0390331
-0.0356116
-0.0319804
-0.0281503
-0.0241323
-0.0199374
-0.0155766
-0.0110611
-0.00640259
-0.00161289
0.00329562
0.00831001
0.0134167
0.0186015
0.0238492
0.029144
0.0344689
0.0398059
0.0451362
0.0504398
0.0556957
0.0608816
0.0659745
0.0709499
0.0757827
0.0804466
0.0849146
0.089159
0.0931514
0.0968633
0.100266
0.10333
0.106027
0.108328
0.110208
0.111639
0.112596
0.113057
0.113
0.112406
0.111258
0.109544
0.107253
0.104376
0.10091
0.0968533
0.0922085
0.0869774
0.0811652
0.0748307
0.068027
0.0601016
0.0505166
-0.00639864
-0.0156838
-0.0232741
-0.0297063
-0.0356365
-0.041032
-0.0458546
-0.0501182
-0.0538393
-0.0570326
-0.0597139
-0.0619004
-0.0636098
-0.0648604
-0.0656706
-0.0660587
-0.0660429
-0.0656412
-0.064871
-0.063749
-0.0622918
-0.0605149
-0.0584333
-0.0560614
-0.053413
-0.0505012
-0.0473386
-0.0439375
-0.0403094
-0.0364659
-0.032418
-0.0281769
-0.0237534
-0.0191585
-0.0144035
-0.00949982
-0.00445917
0.000706171
0.00598343
0.0113592
0.0168192
0.0223486
0.0279313
0.0335504
0.0391879
0.0448245
0.0504401
0.0560131
0.0615208
0.0669394
0.0722437
0.0774074
0.0824032
0.0872027
0.0917766
0.0960951
0.100128
0.103843
0.107211
0.110199
0.112778
0.114918
0.11659
0.117767
0.118422
0.118532
0.118077
0.117036
0.115394
0.11314
0.110263
0.106757
0.102622
0.0978578
0.0924666
0.0864532
0.0798791
0.0727997
0.064532
0.0545143
-0.0125231
-0.0221388
-0.0299888
-0.0366285
-0.042738
-0.0482836
-0.0532259
-0.0575798
-0.061363
-0.0645913
-0.0672821
-0.0694539
-0.0711261
-0.0723185
-0.0730512
-0.073344
-0.0732167
-0.0726887
-0.0717788
-0.070505
-0.0688851
-0.0669355
-0.0646725
-0.0621111
-0.0592657
-0.0561503
-0.0527779
-0.0491609
-0.0453116
-0.0412413
-0.0369615
-0.0324831
-0.0278172
-0.0229745
-0.0179662
-0.0128036
-0.00749817
-0.00206202
0.00349229
0.00915153
0.0149017
0.0207279
0.0266144
0.0325441
0.0384989
0.0444597
0.0504057
0.0563152
0.062165
0.0679305
0.0735857
0.0791035
0.0844552
0.0896112
0.0945406
0.0992118
0.103592
0.107649
0.111348
0.114657
0.117543
0.119972
0.121913
0.123337
0.124213
0.124517
0.124223
0.123311
0.121763
0.119563
0.1167
0.113168
0.108962
0.104085
0.0985356
0.0923196
0.0855009
0.0781373
0.0695141
0.0590441
-0.0192521
-0.0292095
-0.0373265
-0.044178
-0.0504689
-0.0561644
-0.0612241
-0.0656637
-0.0695023
-0.0727573
-0.0754473
-0.0775928
-0.0792147
-0.0803348
-0.0809747
-0.0811562
-0.0809008
-0.0802295
-0.0791625
-0.0777195
-0.0759193
-0.0737798
-0.071318
-0.06855
-0.0654911
-0.0621557
-0.0585573
-0.054709
-0.050623
-0.0463111
-0.0417846
-0.0370547
-0.0321321
-0.0270277
-0.0217522
-0.0163169
-0.0107329
-0.00501199
0.000833471
0.00679058
0.0128456
0.0189839
0.0251897
0.0314463
0.0377356
0.0440382
0.0503333
0.056599
0.0628113
0.0689453
0.0749742
0.0808698
0.0866023
0.0921408
0.0974527
0.102505
0.107262
0.111689
0.115751
0.119411
0.122634
0.125383
0.127625
0.129325
0.130453
0.130978
0.130873
0.130115
0.128681
0.126556
0.123725
0.120179
0.115914
0.11093
0.105226
0.0988063
0.0917382
0.0840818
0.0750888
0.0641459
-0.0266176
-0.0369286
-0.0453208
-0.0523888
-0.0588635
-0.0647087
-0.0698828
-0.074403
-0.0782896
-0.0815615
-0.0842393
-0.0863451
-0.087902
-0.0889337
-0.0894639
-0.0895163
-0.0891144
-0.0882808
-0.0870378
-0.0854064
-0.0834069
-0.0810585
-0.0783793
-0.0753865
-0.0720961
-0.0685233
-0.0646821
-0.0605859
-0.0562472
-0.0516781
-0.0468899
-0.0418936
-0.0367
-0.0313197
-0.0257632
-0.0200413
-0.014165
-0.00814556
-0.00199497
0.00427421
0.0106486
0.0171139
0.0236547
0.0302543
0.0368949
0.0435571
0.0502201
0.0568615
0.0634572
0.0699817
0.0764074
0.0827052
0.0888442
0.094792
0.100515
0.105976
0.111141
0.115971
0.120427
0.124471
0.128064
0.131167
0.133743
0.135753
0.137164
0.137941
0.138055
0.137477
0.136184
0.134155
0.131375
0.127833
0.12352
0.118438
0.112583
0.105959
0.098637
0.0906788
0.0813011
0.0698632
-0.0346531
-0.0453316
-0.0540081
-0.061298
-0.0679587
-0.0739532
-0.0792385
-0.0838331
-0.087759
-0.0910369
-0.0936893
-0.0957404
-0.0972157
-0.0981409
-0.0985423
-0.0984457
-0.0978766
-0.09686
-0.0954198
-0.0935789
-0.0913592
-0.0887814
-0.0858647
-0.0826273
-0.0790863
-0.0752575
-0.0711555
-0.0667941
-0.0621861
-0.0573437
-0.0522782
-0.0470006
-0.0415213
-0.0358508
-0.0299993
-0.0239771
-0.0177947
-0.0114631
-0.00499365
0.00160158
0.00830966
0.0151167
0.0220077
0.0289663
0.0359749
0.0430142
0.0500636
0.0571005
0.0641006
0.0710376
0.0778837
0.0846086
0.0911805
0.0975655
0.103728
0.109631
0.115235
0.1205
0.125385
0.129848
0.133848
0.137341
0.140286
0.142642
0.144371
0.145435
0.1458
0.145433
0.144309
0.142402
0.139695
0.136173
0.131828
0.126656
0.120655
0.113828
0.106247
0.0979784
0.0882002
0.0762437
-0.0433953
-0.0544565
-0.0634275
-0.070945
-0.0777945
-0.0839375
-0.0893301
-0.093992
-0.0979473
-0.101219
-0.10383
-0.10581
-0.107185
-0.107983
-0.108234
-0.107966
-0.107207
-0.105984
-0.104323
-0.10225
-0.099787
-0.0969571
-0.093781
-0.0902778
-0.0864657
-0.082361
-0.0779792
-0.0733344
-0.0684397
-0.0633073
-0.0579484
-0.052374
-0.0465943
-0.0406193
-0.0344588
-0.0281226
-0.0216207
-0.0149635
-0.00816164
-0.00122672
0.00582896
0.0129921
0.0202481
0.0275813
0.0349743
0.0424082
0.0498624
0.0573143
0.0647396
0.0721117
0.0794019
0.0865794
0.0936112
0.100462
0.107095
0.11347
0.119547
0.125283
0.130633
0.135553
0.139997
0.143919
0.147274
0.150015
0.152101
0.153489
0.15414
0.154019
0.153095
0.151339
0.148729
0.145249
0.140887
0.135638
0.129498
0.122468
0.114625
0.106035
0.0958401
0.0833397
-0.0528832
-0.0643445
-0.0736216
-0.0813732
-0.0884141
-0.0947047
-0.1002
-0.104921
-0.108894
-0.112144
-0.114698
-0.116586
-0.117839
-0.118487
-0.118564
-0.118099
-0.117125
-0.115669
-0.113762
-0.111431
-0.108699
-0.105593
-0.102134
-0.0983416
-0.0942362
-0.0898347
-0.0851529
-0.0802055
-0.0750058
-0.0695659
-0.0638973
-0.0580104
-0.0519152
-0.0456213
-0.0391378
-0.0324741
-0.0256395
-0.0186435
-0.0114962
-0.0042084
0.00320836
0.0107414
0.018377
0.0260998
0.0338932
0.0417385
0.0496156
0.057502
0.0653733
0.0732027
0.0809611
0.088617
0.0961363
0.103483
0.110617
0.117498
0.124083
0.130327
0.136181
0.141598
0.146527
0.15092
0.154726
0.157895
0.16038
0.162133
0.163111
0.163274
0.162584
0.161011
0.158527
0.155113
0.150753
0.145441
0.139169
0.131939
0.123829
0.11491
0.10428
0.0912086
-0.0631592
-0.0750403
-0.0846364
-0.0926293
-0.0998647
-0.106302
-0.111894
-0.116664
-0.120641
-0.123853
-0.12633
-0.128104
-0.12921
-0.129683
-0.129557
-0.128868
-0.127648
-0.125932
-0.12375
-0.121131
-0.118104
-0.114694
-0.110926
-0.10682
-0.102398
-0.0976767
-0.0926736
-0.0874034
-0.0818795
-0.0761144
-0.070119
-0.0639036
-0.0574778
-0.0508504
-0.0440303
-0.0370258
-0.0298454
-0.022498
-0.0149926
-0.00733927
0.000451439
0.00836773
0.0163966
0.0245236
0.0327327
0.0410059
0.0493235
0.0576634
0.0660013
0.0743102
0.0825609
0.0907211
0.098756
0.106628
0.114296
0.121718
0.128848
0.135637
0.142036
0.147992
0.153452
0.158361
0.162665
0.166308
0.169238
0.171402
0.172751
0.173239
0.172824
0.17147
0.169144
0.165822
0.161487
0.156127
0.149734
0.142307
0.133928
0.124668
0.113585
0.0999133
-0.0742696
-0.0865928
-0.0965226
-0.104765
-0.112198
-0.118779
-0.124461
-0.129269
-0.133235
-0.136389
-0.138766
-0.1404
-0.141331
-0.141598
-0.141239
-0.140293
-0.138797
-0.136787
-0.134298
-0.131361
-0.128008
-0.124265
-0.120159
-0.115712
-0.110947
-0.105883
-0.100536
-0.0949212
-0.0890534
-0.0829443
-0.0766047
-0.0700446
-0.0632729
-0.0562978
-0.0491273
-0.041769
-0.0342304
-0.0265194
-0.018644
-0.010613
-0.00243618
0.00587583
0.014311
0.022856
0.0314954
0.0402123
0.0489874
0.0577993
0.0666238
0.0754342
0.084201
0.0928917
0.101471
0.109899
0.118135
0.126133
0.133846
0.141222
0.148208
0.154749
0.160786
0.16626
0.171111
0.175279
0.178704
0.18133
0.183099
0.183959
0.183863
0.182768
0.180637
0.177439
0.173153
0.167765
0.161263
0.153644
0.144992
0.135383
0.123826
0.109523
-0.0862646
-0.0990556
-0.109336
-0.117836
-0.12547
-0.132193
-0.137957
-0.142789
-0.146725
-0.149799
-0.152048
-0.153513
-0.154238
-0.154264
-0.153637
-0.152397
-0.150588
-0.148248
-0.145416
-0.142127
-0.138413
-0.134305
-0.12983
-0.125014
-0.119879
-0.114445
-0.10873
-0.102749
-0.0965164
-0.0900441
-0.0833426
-0.0764212
-0.0692883
-0.0619512
-0.0544171
-0.0466924
-0.0387836
-0.0306974
-0.0224407
-0.014021
-0.00544669
0.00327267
0.0121263
0.021102
0.0301856
0.0393609
0.0486098
0.0579113
0.067242
0.0765754
0.0858821
0.0951291
0.10428
0.113296
0.122133
0.130745
0.13908
0.147086
0.154706
0.161878
0.168543
0.174634
0.180086
0.184834
0.188811
0.191953
0.194196
0.195482
0.195755
0.194965
0.193069
0.190032
0.185825
0.180431
0.173835
0.16603
0.157104
0.147135
0.135084
0.120114
-0.0991996
-0.112488
-0.123137
-0.131906
-0.139744
-0.146605
-0.152441
-0.157281
-0.161166
-0.164132
-0.166223
-0.167485
-0.167965
-0.167712
-0.166775
-0.165202
-0.163038
-0.160328
-0.157113
-0.153432
-0.149321
-0.144812
-0.139936
-0.134718
-0.129184
-0.123353
-0.117244
-0.110873
-0.104254
-0.0973986
-0.090317
-0.0830177
-0.0755083
-0.0677953
-0.0598846
-0.0517815
-0.0434912
-0.035019
-0.0263705
-0.0175518
-0.00856982
0.000567429
0.00985058
0.0192687
0.028809
0.0384567
0.0481945
0.0580025
0.0678581
0.0777353
0.0876049
0.0974341
0.107186
0.116821
0.126294
0.135557
0.144556
0.153236
0.161536
0.169392
0.176737
0.183502
0.189615
0.195002
0.199592
0.203311
0.206089
0.207858
0.208555
0.208123
0.20651
0.203674
0.199582
0.194208
0.187535
0.179554
0.170352
0.160013
0.147444
0.131771
-0.113136
-0.126955
-0.137995
-0.147044
-0.155089
-0.162084
-0.167979
-0.172808
-0.176615
-0.179442
-0.181339
-0.182357
-0.182551
-0.181974
-0.180682
-0.178728
-0.176163
-0.173037
-0.169395
-0.165279
-0.160729
-0.155781
-0.150466
-0.144813
-0.138847
-0.13259
-0.126061
-0.119275
-0.112248
-0.104989
-0.0975084
-0.0898145
-0.0819136
-0.0738109
-0.0655112
-0.0570183
-0.048336
-0.0394681
-0.0304184
-0.0211916
-0.0117927
-0.00222825
0.00749413
0.0173651
0.0273735
0.037506
0.0477467
0.0580769
0.0684749
0.0789158
0.0893708
0.0998074
0.110189
0.120474
0.130618
0.14057
0.150276
0.159676
0.168707
0.1773
0.185384
0.192882
0.199718
0.205811
0.211079
0.215443
0.218823
0.221141
0.222326
0.22231
0.221035
0.218447
0.214508
0.209187
0.202458
0.194311
0.184835
0.174115
0.161003
0.144586
-0.128141
-0.14253
-0.153986
-0.163326
-0.171582
-0.178704
-0.184644
-0.189439
-0.193137
-0.195789
-0.197449
-0.198177
-0.198034
-0.197082
-0.195382
-0.192994
-0.189976
-0.186382
-0.182263
-0.177666
-0.172633
-0.167202
-0.161409
-0.155284
-0.148852
-0.142138
-0.13516
-0.127934
-0.120474
-0.11279
-0.104893
-0.0967878
-0.0884805
-0.079975
-0.0712745
-0.0623813
-0.0532975
-0.044025
-0.0345661
-0.0249232
-0.0150997
-0.00510017
0.0050697
0.0154025
0.0258888
0.0365171
0.0472731
0.0581397
0.0690967
0.0801199
0.0911817
0.10225
0.113289
0.124256
0.135106
0.145787
0.156243
0.166411
0.176225
0.185612
0.194495
0.202792
0.210419
0.217288
0.223309
0.228392
0.232448
0.235389
0.237132
0.2376
0.236723
0.234439
0.2307
0.225467
0.218709
0.21041
0.200661
0.18955
0.175869
0.158662
-0.144291
-0.159295
-0.171196
-0.180841
-0.18931
-0.196552
-0.202517
-0.20725
-0.210803
-0.213236
-0.21461
-0.214994
-0.214457
-0.213069
-0.210901
-0.20802
-0.204489
-0.20037
-0.195718
-0.190586
-0.18502
-0.179061
-0.172746
-0.166109
-0.159176
-0.15197
-0.144513
-0.13682
-0.128904
-0.120775
-0.112442
-0.103909
-0.095181
-0.0862602
-0.077148
-0.067845
-0.0583513
-0.0486669
-0.0387918
-0.0287265
-0.0184723
-0.00803146
0.00259247
0.0133942
0.0243665
0.0354999
0.046782
0.0581977
0.0697282
0.0813511
0.0930399
0.104764
0.116486
0.128166
0.139757
0.151207
0.162458
0.173444
0.184095
0.194336
0.204082
0.213248
0.22174
0.229462
0.236316
0.242201
0.247015
0.250662
0.253044
0.254072
0.253664
0.251747
0.248262
0.243161
0.236405
0.227971
0.217953
0.206441
0.192162
0.174114
-0.161672
-0.177343
-0.18972
-0.199686
-0.20837
-0.215721
-0.22169
-0.226325
-0.22969
-0.231851
-0.232881
-0.232857
-0.23186
-0.229969
-0.227264
-0.22382
-0.219709
-0.215
-0.209755
-0.204029
-0.197875
-0.191337
-0.184454
-0.177261
-0.169788
-0.162057
-0.15409
-0.145902
-0.137505
-0.12891
-0.120122
-0.111145
-0.101983
-0.0926348
-0.0831011
-0.0733799
-0.0634693
-0.053367
-0.0430706
-0.0325784
-0.021889
-0.0110025
8.0121e-05
0.011356
0.0228204
0.034466
0.046283
0.0582584
0.0703754
0.0826136
0.094948
0.107349
0.119781
0.132204
0.144572
0.15683
0.168921
0.180775
0.192321
0.203478
0.214157
0.224265
0.233701
0.242362
0.250136
0.256913
0.26258
0.267023
0.270135
0.27181
0.271952
0.270476
0.267308
0.262391
0.255674
0.247129
0.236848
0.224923
0.210014
0.191071
-0.18038
-0.196779
-0.20967
-0.219973
-0.228874
-0.23632
-0.242262
-0.246759
-0.249883
-0.251711
-0.252328
-0.251822
-0.250287
-0.247814
-0.244492
-0.240407
-0.235642
-0.23027
-0.224362
-0.217979
-0.211176
-0.204003
-0.196502
-0.188709
-0.180654
-0.172361
-0.163852
-0.15514
-0.146238
-0.137154
-0.127893
-0.118458
-0.108848
-0.0990626
-0.0890987
-0.0789525
-0.0686196
-0.0580951
-0.0473741
-0.0364522
-0.0253254
-0.013991
-0.00244721
0.00930579
0.021266
0.0334289
0.0457873
0.0583307
0.071045
0.0839119
0.0969086
0.110007
0.123174
0.136369
0.149547
0.162654
0.17563
0.188405
0.200905
0.213043
0.224727
0.235856
0.246323
0.256013
0.264805
0.272575
0.279196
0.284541
0.288485
0.290906
0.291693
0.290743
0.287967
0.283293
0.276661
0.268031
0.257496
0.24515
0.229575
0.209673
-0.200526
-0.217723
-0.231171
-0.241829
-0.250946
-0.258468
-0.26435
-0.268658
-0.271477
-0.272898
-0.27302
-0.271945
-0.269782
-0.266635
-0.262606
-0.257792
-0.252286
-0.246171
-0.239523
-0.232411
-0.224895
-0.217028
-0.208854
-0.200411
-0.191731
-0.182838
-0.173753
-0.164489
-0.155057
-0.145464
-0.135712
-0.125803
-0.115735
-0.105502
-0.0951013
-0.084525
-0.0737662
-0.0628172
-0.0516704
-0.0403183
-0.0287541
-0.0169719
-0.00496699
0.00726356
0.0197208
0.0324034
0.0453071
0.0584244
0.0717442
0.0852509
0.0989242
0.112739
0.126662
0.140657
0.154679
0.168674
0.182581
0.19633
0.209844
0.223032
0.235797
0.248033
0.259622
0.270441
0.280356
0.289231
0.296922
0.303285
0.308178
0.31146
0.312999
0.312674
0.310377
0.30602
0.299527
0.290847
0.280071
0.267294
0.251016
0.230083
-0.222236
-0.240314
-0.254367
-0.265401
-0.27473
-0.282304
-0.28808
-0.292137
-0.294575
-0.295501
-0.295031
-0.293286
-0.290389
-0.286462
-0.281622
-0.275979
-0.269635
-0.262685
-0.255214
-0.247295
-0.238994
-0.230368
-0.221463
-0.21232
-0.20297
-0.193437
-0.183742
-0.173896
-0.16391
-0.153787
-0.143529
-0.133133
-0.122595
-0.111908
-0.101065
-0.0900556
-0.0788695
-0.0674961
-0.0559245
-0.0441442
-0.0321451
-0.0199178
-0.0074545
0.00525129
0.018204
0.0314058
0.0448558
0.05855
0.0724806
0.0866354
0.100997
0.115543
0.130244
0.145065
0.159962
0.174882
0.189767
0.204544
0.219133
0.233442
0.247369
0.260801
0.273612
0.285667
0.296822
0.306924
0.315814
0.323328
0.329303
0.333576
0.335993
0.336408
0.334694
0.330741
0.324454
0.315767
0.304768
0.29155
0.274526
0.252482
-0.245656
-0.264712
-0.279428
-0.290857
-0.300393
-0.307986
-0.3136
-0.317329
-0.319293
-0.319618
-0.318441
-0.315904
-0.312152
-0.307323
-0.301552
-0.294965
-0.287676
-0.27979
-0.271401
-0.26259
-0.253427
-0.243973
-0.234276
-0.224378
-0.214311
-0.204098
-0.193758
-0.183302
-0.172738
-0.162066
-0.151286
-0.140392
-0.129377
-0.11823
-0.106942
-0.0954983
-0.083886
-0.0720908
-0.0600984
-0.0478946
-0.0354658
-0.0227992
-0.00988312
0.00329256
0.0167361
0.0304534
0.0444475
0.0587184
0.073262
0.0880698
0.103128
0.118419
0.133915
0.149585
0.165386
0.18127
0.197176
0.213034
0.228762
0.244266
0.259439
0.274161
0.2883
0.301709
0.314231
0.325697
0.335929
0.344743
0.351951
0.357367
0.360807
0.3621
0.361091
0.357645
0.351644
0.343004
0.331806
0.318141
0.300323
0.277076
-0.270957
-0.291106
-0.306549
-0.318394
-0.328124
-0.335695
-0.341075
-0.344382
-0.345758
-0.345354
-0.343333
-0.339863
-0.335111
-0.32924
-0.322402
-0.314741
-0.306385
-0.297451
-0.288041
-0.278245
-0.268137
-0.257781
-0.247228
-0.236519
-0.225686
-0.214753
-0.203735
-0.192641
-0.181475
-0.170237
-0.158922
-0.14752
-0.136022
-0.124413
-0.11268
-0.100804
-0.0887692
-0.0765577
-0.0641511
-0.0515316
-0.0386817
-0.0255846
-0.0122247
0.0014122
0.0153384
0.0295641
0.0440967
0.0589403
0.0740953
0.0895577
0.105318
0.121362
0.137668
0.154207
0.17094
0.187821
0.204793
0.221785
0.238715
0.255489
0.271995
0.288109
0.303688
0.318578
0.332607
0.345588
0.357323
0.367606
0.376221
0.382951
0.387585
0.389917
0.389758
0.386945
0.381329
0.372804
0.361439
0.347322
0.328657
0.304099
-0.29834
-0.319714
-0.335958
-0.348241
-0.358147
-0.365638
-0.370696
-0.373463
-0.374111
-0.372824
-0.369795
-0.365224
-0.359306
-0.352229
-0.344169
-0.335286
-0.325728
-0.315621
-0.305079
-0.294197
-0.283055
-0.271719
-0.260242
-0.248665
-0.237019
-0.225324
-0.213595
-0.201837
-0.19005
-0.17823
-0.166369
-0.154454
-0.142469
-0.130398
-0.118222
-0.105919
-0.0934696
-0.0808504
-0.0680398
-0.0550157
-0.0417565
-0.0282412
-0.01445
-0.000364211
0.0140329
0.0287561
0.0438175
0.059226
0.074987
0.0911013
0.107565
0.124368
0.141494
0.158918
0.176607
0.194517
0.212595
0.230773
0.24897
0.26709
0.28502
0.30263
0.319772
0.336279
0.351966
0.366628
0.380047
0.391989
0.402208
0.410456
0.416481
0.420041
0.420908
0.418879
0.413771
0.405445
0.393957
0.379387
0.359815
0.333822
-0.328039
-0.350799
-0.367929
-0.380669
-0.390721
-0.398057
-0.402677
-0.404758
-0.404508
-0.402151
-0.397919
-0.392049
-0.384769
-0.376298
-0.366837
-0.356569
-0.345656
-0.33424
-0.322443
-0.310367
-0.298097
-0.2857
-0.273231
-0.260728
-0.24822
-0.235726
-0.223254
-0.210807
-0.198382
-0.185969
-0.173554
-0.161122
-0.148652
-0.136123
-0.12351
-0.110789
-0.0979351
-0.0849207
-0.0717198
-0.0583059
-0.044653
-0.0307356
-0.0165294
-0.00201098
0.0128412
0.0280469
0.0436232
0.0595845
0.0759414
0.0927006
0.109864
0.127426
0.145378
0.1637
0.182364
0.201332
0.220555
0.239969
0.259494
0.279037
0.298483
0.3177
0.336532
0.354803
0.372314
0.388843
0.404147
0.417963
0.430014
0.440011
0.447661
0.452675
0.454777
0.453717
0.449266
0.441247
0.429695
0.414676
0.39413
0.366557
-0.360338
-0.38467
-0.402784
-0.415997
-0.42615
-0.433231
-0.437268
-0.438478
-0.43712
-0.433465
-0.427796
-0.420393
-0.411524
-0.401443
-0.390379
-0.378539
-0.366104
-0.353229
-0.340045
-0.326661
-0.313165
-0.299625
-0.286093
-0.272607
-0.259191
-0.24586
-0.232618
-0.219463
-0.206385
-0.19337
-0.1804
-0.167451
-0.154501
-0.14152
-0.128482
-0.115356
-0.102112
-0.0887192
-0.0751457
-0.0613608
-0.0473338
-0.0330345
-0.0184337
-0.00350307
0.0117841
0.0274527
0.0435256
0.0600227
0.0769608
0.0943525
0.112206
0.130524
0.149302
0.168529
0.188183
0.208233
0.228635
0.24933
0.270245
0.291288
0.312345
0.333281
0.353938
0.374131
0.393646
0.412243
0.429656
0.445591
0.459734
0.471751
0.4813
0.488036
0.491627
0.491762
0.488156
0.480581
0.469042
0.453585
0.431991
0.402667
-0.395573
-0.421702
-0.44091
-0.454605
-0.464793
-0.471488
-0.474752
-0.47486
-0.472133
-0.466906
-0.459519
-0.450306
-0.439582
-0.427641
-0.414746
-0.401127
-0.386985
-0.372489
-0.357779
-0.342967
-0.328144
-0.313376
-0.298713
-0.284188
-0.269821
-0.255621
-0.241585
-0.227706
-0.213966
-0.200347
-0.186822
-0.173364
-0.159942
-0.146524
-0.133075
-0.119562
-0.105947
-0.0921962
-0.0782722
-0.0641394
-0.0497622
-0.0351055
-0.0201348
-0.00481692
0.0108805
0.0269879
0.043534
0.0605449
0.0780439
0.0960506
0.11458
0.133643
0.153243
0.173375
0.194028
0.215177
0.236787
0.258807
0.281168
0.303785
0.326547
0.34932
0.371942
0.394222
0.415936
0.436824
0.456597
0.474927
0.491459
0.50581
0.517581
0.526361
0.531747
0.533356
0.530831
0.523875
0.512454
0.496583
0.473857
0.442578
-0.434154
-0.462348
-0.482775
-0.49695
-0.507077
-0.513208
-0.515454
-0.514168
-0.509752
-0.502616
-0.493173
-0.481823
-0.468937
-0.454852
-0.439866
-0.42424
-0.40819
-0.391899
-0.375514
-0.359151
-0.342898
-0.326819
-0.310959
-0.295345
-0.279989
-0.264892
-0.250045
-0.235432
-0.221028
-0.206807
-0.192735
-0.178779
-0.164902
-0.151064
-0.137225
-0.123347
-0.109386
-0.0953025
-0.0810548
-0.0666019
-0.051903
-0.0369179
-0.021607
-0.00593149
0.0101465
0.0266634
0.0436541
0.0611514
0.0791854
0.0977833
0.116968
0.136759
0.157168
0.1782
0.199853
0.222113
0.244953
0.268332
0.292193
0.316454
0.341013
0.36574
0.390473
0.415017
0.439137
0.462561
0.48497
0.506006
0.525269
0.542321
0.556695
0.567904
0.57546
0.578888
0.577738
0.57163
0.560468
0.544223
0.520271
0.486797
-0.47658
-0.50716
-0.528947
-0.543582
-0.553509
-0.558836
-0.559749
-0.556699
-0.550191
-0.540736
-0.528834
-0.514962
-0.499555
-0.483002
-0.465639
-0.447751
-0.429577
-0.411308
-0.393095
-0.375055
-0.357271
-0.339802
-0.322684
-0.305936
-0.28956
-0.273547
-0.25788
-0.24253
-0.227467
-0.212655
-0.198052
-0.183616
-0.169304
-0.155071
-0.140869
-0.126653
-0.112376
-0.0979911
-0.0834515
-0.0687112
-0.053724
-0.0384446
-0.0228278
-0.00682925
0.00959463
0.0264865
0.0438876
0.0618378
0.0803747
0.0995336
0.119346
0.13984
0.161038
0.182957
0.205603
0.228976
0.25306
0.277827
0.303231
0.329202
0.355647
0.382444
0.409436
0.436426
0.463175
0.489396
0.514749
0.538842
0.561226
0.581404
0.598833
0.612935
0.623118
0.628795
0.629398
0.624432
0.61372
0.597168
0.571888
0.535928
-0.523466
-0.556821
-0.580125
-0.595168
-0.604695
-0.608896
-0.608061
-0.602775
-0.593678
-0.581402
-0.566557
-0.549711
-0.531372
-0.511983
-0.491921
-0.471499
-0.450969
-0.430531
-0.410336
-0.390494
-0.371084
-0.352153
-0.333726
-0.315808
-0.298391
-0.281453
-0.264963
-0.248886
-0.233178
-0.217792
-0.202681
-0.187793
-0.173076
-0.158478
-0.143946
-0.129427
-0.114869
-0.100218
-0.0854239
-0.070434
-0.055197
-0.0396622
-0.023779
-0.00749735
0.00923232
0.0264589
0.0442305
0.062594
0.0815952
0.101278
0.121682
0.142847
0.164806
0.187587
0.21121
0.235688
0.26102
0.287193
0.314175
0.341912
0.370325
0.399304
0.428701
0.458326
0.487937
0.517239
0.545872
0.573412
0.599364
0.623163
0.644181
0.661734
0.675107
0.683571
0.686408
0.682973
0.672972
0.656218
0.629498
0.590701
-0.57558
-0.612184
-0.637174
-0.652525
-0.661363
-0.664001
-0.660876
-0.652752
-0.640442
-0.624733
-0.606367
-0.586017
-0.564274
-0.541638
-0.518527
-0.495276
-0.472149
-0.449348
-0.427017
-0.405258
-0.384135
-0.36368
-0.343903
-0.324793
-0.306326
-0.288465
-0.271167
-0.25438
-0.238051
-0.222122
-0.206535
-0.191229
-0.176144
-0.16122
-0.146397
-0.131616
-0.116818
-0.101945
-0.0869384
-0.0717421
-0.0562991
-0.0405532
-0.0244483
-0.0079287
0.00906114
0.0265765
0.0446724
0.0634032
0.0828227
0.102984
0.123937
0.145731
0.168413
0.192022
0.216595
0.242158
0.268729
0.296313
0.324895
0.354442
0.384894
0.416158
0.448103
0.48055
0.513264
0.545947
0.578227
0.60965
0.639675
0.667668
0.692906
0.714586
0.731841
0.74377
0.749462
0.748071
0.739143
0.722349
0.694075
0.652012
-0.633888
-0.674319
-0.701172
-0.716658
-0.72439
-0.724868
-0.718738
-0.707005
-0.690704
-0.670816
-0.64824
-0.62377
-0.598085
-0.571747
-0.545207
-0.518819
-0.49285
-0.467494
-0.442884
-0.419104
-0.396196
-0.374172
-0.353022
-0.332713
-0.313203
-0.294438
-0.276356
-0.258892
-0.241979
-0.225547
-0.209527
-0.193847
-0.17844
-0.163237
-0.148171
-0.133176
-0.118186
-0.103137
-0.0879676
-0.0726137
-0.0570138
-0.0411064
-0.0248299
-0.00812311
0.00907559
0.0268278
0.0451955
0.0642406
0.0840253
0.104612
0.126061
0.148433
0.171788
0.19618
0.221661
0.248277
0.276063
0.305046
0.335234
0.36662
0.399166
0.432805
0.46743
0.502882
0.538943
0.575321
0.611639
0.647424
0.682091
0.714939
0.745145
0.771766
0.79376
0.810012
0.819361
0.820702
0.813347
0.796764
0.766822
0.720969
-0.699624
-0.744597
-0.773485
-0.788811
-0.794834
-0.792334
-0.782253
-0.765919
-0.744656
-0.719681
-0.692079
-0.662779
-0.632551
-0.602012
-0.571642
-0.541801
-0.512748
-0.484659
-0.457643
-0.431756
-0.407013
-0.383397
-0.360871
-0.339378
-0.318852
-0.299218
-0.280395
-0.262302
-0.244856
-0.227974
-0.211575
-0.195577
-0.179903
-0.164476
-0.149222
-0.134066
-0.118939
-0.103771
-0.0884917
-0.0730347
-0.0573325
-0.0413186
-0.0249261
-0.00808826
0.00926226
0.0271934
0.0457738
0.0650732
0.0851621
0.106112
0.127995
0.150884
0.174851
0.199967
0.226301
0.253919
0.282878
0.31323
0.345011
0.37824
0.412915
0.449
0.486419
0.525047
0.564691
0.605082
0.645851
0.686517
0.726463
0.764925
0.800974
0.833519
0.861311
0.882973
0.897031
0.902027
0.89695
0.880963
0.849259
0.798963
-0.77439
-0.824787
-0.855855
-0.870537
-0.873973
-0.867364
-0.852077
-0.829868
-0.802432
-0.771273
-0.737687
-0.702747
-0.667311
-0.63204
-0.597427
-0.563822
-0.531459
-0.50048
-0.470957
-0.442908
-0.416308
-0.391105
-0.367229
-0.344591
-0.323099
-0.302652
-0.283151
-0.264493
-0.246581
-0.229316
-0.212604
-0.196354
-0.180478
-0.164892
-0.149512
-0.134259
-0.119056
-0.103828
-0.0884999
-0.0729998
-0.0572554
-0.0411953
-0.0247477
-0.00784055
0.00959898
0.0276449
0.0463725
0.0658589
0.0861831
0.107426
0.129671
0.153003
0.177508
0.203274
0.230389
0.25894
0.289011
0.320678
0.354011
0.389065
0.425874
0.464445
0.504747
0.546697
0.590146
0.634863
0.680506
0.726604
0.772528
0.817461
0.860378
0.900027
0.934925
0.963384
0.983528
0.993435
0.991637
0.976841
0.943323
0.887774
-0.860292
-0.917216
-0.950529
-0.963782
-0.963347
-0.951061
-0.928893
-0.899174
-0.864061
-0.8254
-0.784718
-0.74323
-0.701868
-0.661316
-0.622052
-0.584393
-0.548525
-0.514538
-0.482448
-0.45222
-0.42378
-0.397032
-0.371863
-0.34815
-0.325768
-0.304591
-0.284494
-0.265355
-0.247059
-0.229492
-0.212548
-0.196124
-0.180122
-0.164449
-0.149015
-0.133734
-0.118524
-0.103302
-0.0879914
-0.0725136
-0.0567924
-0.0407516
-0.024315
-0.00740572
0.0100544
0.0281448
0.0469474
0.0665464
0.0870287
0.108485
0.131009
0.154698
0.179654
0.205981
0.233787
0.263182
0.294276
0.327179
0.361995
0.398819
0.437732
0.478792
0.522025
0.567406
0.61485
0.664182
0.715115
0.767217
0.81987
0.872233
0.9232
0.97136
1.01498
1.052
1.08005
1.09658
1.0995
1.08682
1.05153
0.989718
-0.960169
-1.02499
-1.06044
-1.071
-1.0648
-1.04465
-1.01337
-0.974042
-0.929401
-0.881674
-0.832627
-0.7836
-0.735562
-0.689183
-0.644891
-0.602933
-0.563419
-0.52636
-0.491697
-0.459326
-0.429111
-0.400902
-0.374537
-0.349853
-0.326689
-0.304889
-0.284303
-0.264787
-0.246208
-0.228436
-0.211353
-0.194843
-0.178801
-0.163124
-0.147715
-0.132483
-0.11734
-0.102198
-0.0869761
-0.0715914
-0.0559636
-0.0400128
-0.0236584
-0.00681916
0.0105875
0.0286466
0.0474454
0.0670751
0.0876302
0.10921
0.13192
0.155868
0.181172
0.207953
0.23634
0.266466
0.298471
0.332498
0.36869
0.40719
0.448132
0.491635
0.537793
0.586661
0.638235
0.692428
0.749038
0.807708
0.867874
0.928712
0.989071
1.04741
1.10172
1.14955
1.1879
1.21344
1.22315
1.21402
1.17723
1.10788
-1.07793
-1.15236
-1.18948
-1.19527
-1.18049
-1.14942
-1.10606
-1.05446
-0.998034
-0.93942
-0.880599
-0.822984
-0.767525
-0.714816
-0.665183
-0.618758
-0.575534
-0.535416
-0.498246
-0.463834
-0.431968
-0.402434
-0.375015
-0.349503
-0.325699
-0.303413
-0.282469
-0.262702
-0.243958
-0.226095
-0.208978
-0.192484
-0.176497
-0.160907
-0.145611
-0.130512
-0.115515
-0.100532
-0.0854754
-0.0702593
-0.0548001
-0.0390142
-0.0228178
-0.00612585
0.0111484
0.0290943
0.0478045
0.067376
0.0879105
0.109516
0.132306
0.156403
0.181937
0.209048
0.237883
0.268603
0.301375
0.336378
0.373801
0.413834
0.456673
0.502509
0.55152
0.603854
0.659617
0.71884
0.781447
0.847206
0.915666
0.986083
1.05732
1.12776
1.19518
1.25665
1.30848
1.34631
1.36585
1.36257
1.32492
1.24645
-1.21911
-1.30521
-1.34282
-1.34047
-1.31293
-1.26666
-1.20727
-1.14004
-1.06913
-0.997565
-0.92746
-0.860208
-0.796643
-0.737199
-0.682025
-0.631078
-0.584193
-0.54113
-0.501611
-0.465339
-0.432015
-0.401351
-0.373072
-0.346918
-0.322649
-0.300045
-0.2789
-0.259028
-0.240258
-0.22243
-0.2054
-0.189034
-0.173207
-0.157803
-0.142714
-0.127837
-0.113075
-0.0983331
-0.0835226
-0.0685549
-0.0533433
-0.0378016
-0.0218431
-0.00537984
0.0116782
0.0294241
0.047955
0.0673728
0.0877855
0.109308
0.132064
0.156186
0.181818
0.209114
0.238244
0.269392
0.302756
0.33855
0.377008
0.418377
0.462917
0.510901
0.5626
0.618281
0.678183
0.742491
0.811304
0.884576
0.962047
1.04315
1.12686
1.21159
1.29496
1.37364
1.44314
1.49781
1.53167
1.53791
1.50084
1.41136
-1.3919
-1.49195
-1.52743
-1.51141
-1.46484
-1.39738
-1.3168
-1.22979
-1.14125
-1.05448
-0.971576
-0.89373
-0.821524
-0.755109
-0.694364
-0.639004
-0.588652
-0.54289
-0.501289
-0.463432
-0.428922
-0.39739
-0.368496
-0.341931
-0.317414
-0.294689
-0.273526
-0.253717
-0.235074
-0.217425
-0.200613
-0.184497
-0.168944
-0.153833
-0.139051
-0.124491
-0.110053
-0.095641
-0.0811619
-0.066526
-0.0516447
-0.0364297
-0.0207926
-0.00464328
0.0121107
0.0295653
0.0478208
0.0669833
0.0871658
0.10849
0.131086
0.155096
0.180677
0.207998
0.237246
0.268629
0.302374
0.338733
0.377982
0.420426
0.466395
0.516249
0.570368
0.629149
0.692993
0.762279
0.837332
0.91837
1.00542
1.09821
1.19601
1.2974
1.40004
1.50032
1.59295
1.67079
1.72563
1.74732
1.71381
1.61127
-1.60883
-1.7248
-1.75269
-1.71386
-1.63888
-1.54197
-1.43353
-1.32176
-1.2121
-1.10783
-1.01074
-0.92158
-0.840464
-0.76711
-0.701013
-0.641566
-0.588127
-0.540064
-0.496778
-0.457718
-0.422379
-0.390311
-0.361107
-0.334408
-0.309892
-0.287275
-0.2663
-0.246742
-0.228397
-0.211082
-0.194631
-0.178896
-0.163738
-0.149032
-0.134663
-0.12052
-0.106501
-0.0925081
-0.0784485
-0.0642305
-0.0497646
-0.0349617
-0.0197322
-0.00398489
0.0123739
0.0294419
0.0473217
0.0661221
0.0859598
0.106961
0.129262
0.153013
0.17838
0.205546
0.234714
0.266112
0.299994
0.336646
0.376388
0.419579
0.466623
0.517967
0.574108
0.635589
0.702994
0.776933
0.858014
0.946799
1.04372
1.14897
1.26231
1.38279
1.50839
1.63552
1.7583
1.86803
1.95376
2.00058
1.9766
1.85939
-1.89016
-2.02197
-2.03113
-1.95443
-1.83709
-1.69945
-1.55482
-1.41256
-1.27817
-1.15434
-1.04208
-0.94132
-0.851455
-0.771576
-0.700675
-0.637741
-0.581819
-0.532036
-0.487607
-0.447838
-0.412119
-0.379915
-0.350761
-0.324249
-0.300022
-0.277767
-0.257209
-0.238106
-0.220243
-0.203428
-0.187489
-0.172272
-0.157636
-0.143452
-0.129604
-0.11598
-0.102477
-0.0889971
-0.0754467
-0.0617344
-0.0477708
-0.0334668
-0.0187328
-0.00347779
0.0123924
0.0289759
0.0463762
0.0647035
0.0840766
0.104624
0.126487
0.149822
0.1748
0.201615
0.230483
0.26165
0.295391
0.332023
0.371905
0.415448
0.463122
0.515464
0.573087
0.636688
0.707048
0.785037
0.871599
0.967723
1.07438
1.19242
1.32236
1.46411
1.61648
1.77647
1.93817
2.09162
2.22285
2.31064
2.30815
2.17697
-2.27066
-2.41099
-2.37895
-2.23961
-2.05952
-1.86628
-1.67552
-1.49676
-1.3344
-1.18963
-1.06196
-0.950041
-0.85221
-0.76674
-0.691999
-0.626508
-0.568964
-0.518238
-0.473357
-0.433491
-0.397927
-0.366059
-0.337366
-0.3114
-0.287777
-0.266163
-0.246268
-0.227839
-0.210652
-0.194511
-0.179241
-0.164684
-0.1507
-0.137159
-0.123942
-0.110941
-0.0980521
-0.0851788
-0.0722281
-0.0591099
-0.0457359
-0.0320184
-0.0178688
-0.00319708
0.0120898
0.0280893
0.0449042
0.0626447
0.0814296
0.101389
0.122665
0.145416
0.16982
0.196075
0.224406
0.255071
0.288365
0.324624
0.364242
0.407672
0.455444
0.508175
0.566588
0.631527
0.703978
0.785083
0.876155
0.978681
1.09429
1.2247
1.37153
1.53604
1.7186
1.91778
2.12879
2.34154
2.53957
2.69421
2.73694
2.60034
-2.81321
-2.93364
-2.81513
-2.57298
-2.30137
-2.03401
-1.78647
-1.56592
-1.37366
-1.20798
-1.06595
-0.944376
-0.840217
-0.75075
-0.673633
-0.606887
-0.548858
-0.498172
-0.453684
-0.414442
-0.379653
-0.348651
-0.320875
-0.29585
-0.273172
-0.252495
-0.233522
-0.215994
-0.199685
-0.184398
-0.169957
-0.156206
-0.143005
-0.130226
-0.117753
-0.105478
-0.0933019
-0.0811287
-0.068868
-0.0564322
-0.0437352
-0.0306916
-0.0172152
-0.00321815
0.0113903
0.0267053
0.0428279
0.059866
0.077937
0.0971693
0.117705
0.139701
0.163336
0.18881
0.216353
0.246229
0.27874
0.31424
0.353142
0.395932
0.443185
0.495582
0.553937
0.619225
0.692617
0.77552
0.869622
0.976938
1.09985
1.24112
1.4038
1.59111
1.80592
2.04984
2.32131
2.61267
2.90751
3.17071
3.30597
3.19489
-3.63217
-3.65038
-3.35772
-2.95036
-2.54892
-2.18669
-1.87303
-1.60802
-1.38669
-1.20249
-1.04906
-0.920777
-0.812984
-0.721875
-0.644388
-0.578073
-0.520968
-0.471493
-0.428375
-0.390575
-0.357245
-0.327684
-0.301313
-0.277644
-0.256267
-0.236835
-0.21905
-0.202655
-0.187428
-0.173174
-0.159723
-0.146922
-0.134635
-0.122738
-0.111119
-0.099674
-0.0883066
-0.0769256
-0.0654438
-0.0537771
-0.0418429
-0.0295593
-0.0168436
-0.00361157
0.0102242
0.0247553
0.0400789
0.0562994
0.0735305
0.0918965
0.111536
0.132602
0.15527
0.179738
0.206233
0.235017
0.266394
0.300723
0.338424
0.379998
0.426045
0.477285
0.534595
0.599046
0.671951
0.754939
0.850029
0.959742
1.08722
1.23635
1.41191
1.61961
1.86591
2.15743
2.49911
2.89071
3.32215
3.75842
4.07683
4.07839
-4.93401
-4.64071
-4.01652
-3.35569
-2.77804
-2.30089
-1.91627
-1.60915
-1.36382
-1.16676
-1.00717
-0.876706
-0.769027
-0.679317
-0.603908
-0.539991
-0.485389
-0.438402
-0.397688
-0.362175
-0.331
-0.303459
-0.278973
-0.257065
-0.237332
-0.219436
-0.203089
-0.188045
-0.174089
-0.161036
-0.148722
-0.137003
-0.125748
-0.11484
-0.104174
-0.0936506
-0.0831786
-0.0726717
-0.0620479
-0.0512275
-0.0401326
-0.0286858
-0.0168092
-0.00442286
0.00855556
0.0222127
0.0366407
0.0519385
0.0682138
0.0855851
0.104184
0.124157
0.145673
0.16892
0.194117
0.221518
0.25142
0.284171
0.320186
0.359962
0.404097
0.453321
0.508532
0.570841
0.641645
0.722707
0.816281
0.925279
1.05349
1.20587
1.38896
1.61131
1.88399
2.22081
2.63783
3.15051
3.76665
4.4668
5.12955
5.4608
-7.1782
-6.00429
-4.75343
-3.73059
-2.93584
-2.33567
-1.88779
-1.55099
-1.2938
-1.09412
-0.936522
-0.810174
-0.707417
-0.622772
-0.552248
-0.49289
-0.442474
-0.399296
-0.362035
-0.329649
-0.301308
-0.276341
-0.254199
-0.234432
-0.216661
-0.200572
-0.185894
-0.172398
-0.159885
-0.148182
-0.137137
-0.126616
-0.116498
-0.106675
-0.097049
-0.0875275
-0.0780263
-0.0684654
-0.0587685
-0.0488618
-0.0386731
-0.0281304
-0.0171614
-0.00569211
0.00635402
0.0190574
0.0325035
0.0467842
0.0619996
0.0782596
0.0956867
0.114418
0.134608
0.156435
0.180102
0.205848
0.233949
0.264735
0.298596
0.336003
0.377527
0.42387
0.4759
0.534705
0.601669
0.678571
0.767732
0.87223
0.996212
1.14536
1.32759
1.55407
1.84069
2.21013
2.69468
3.33688
4.18017
5.25643
6.56569
7.80737
-11.5602
-7.80275
-5.29315
-3.82007
-2.84185
-2.17236
-1.71143
-1.38449
-1.14426
-0.962382
-0.821196
-0.709223
-0.618804
-0.544676
-0.483119
-0.431436
-0.387623
-0.350162
-0.317883
-0.289866
-0.265381
-0.243838
-0.224756
-0.207738
-0.192454
-0.178624
-0.166011
-0.154412
-0.143652
-0.133577
-0.124053
-0.114959
-0.10619
-0.097647
-0.0892428
-0.0808956
-0.0725292
-0.064072
-0.0554553
-0.0466128
-0.0374794
-0.0279905
-0.0180809
-0.007684
0.00326895
0.0148502
0.0271365
0.0402101
0.0541607
0.0690865
0.0850967
0.102313
0.120875
0.140939
0.162686
0.186327
0.212107
0.240319
0.271307
0.305488
0.343368
0.385569
0.43286
0.486213
0.546864
0.616416
0.696981
0.791398
0.903567
1.03899
1.20563
1.41539
1.68655
2.04827
2.54907
3.26604
4.30367
5.8501
8.44992
12.3182
-18.97
-9.55634
-5.06823
-3.24747
-2.28446
-1.7003
-1.32941
-1.07815
-0.896725
-0.759642
-0.652714
-0.567298
-0.497799
-0.440427
-0.3925
-0.352062
-0.317646
-0.288131
-0.262639
-0.240478
-0.221089
-0.204017
-0.188888
-0.17539
-0.163261
-0.152278
-0.14225
-0.133013
-0.124423
-0.116355
-0.108697
-0.101349
-0.0942216
-0.0872339
-0.0803112
-0.0733841
-0.0663882
-0.059262
-0.051947
-0.0443863
-0.0365242
-0.0283051
-0.0196732
-0.0105715
-0.000941029
0.00927974
0.0201561
0.0317579
0.0441609
0.0574478
0.07171
0.0870494
0.103581
0.121434
0.140757
0.161723
0.18453
0.209413
0.23665
0.266571
0.299576
0.336152
0.376897
0.422561
0.474089
0.532694
0.599965
0.678014
0.769733
0.879191
1.01235
1.17833
1.39199
1.67958
2.09196
2.72598
3.75694
5.67368
10.2794
19.8164
)
;

boundaryField
{
    movingWall
    {
        type            zeroGradient;
    }
    fixedWalls
    {
        type            zeroGradient;
    }
    frontAndBack
    {
        type            empty;
    }
}


// ************************************************************************* //
