/*--------------------------------*- C++ -*----------------------------------*\
| =========                 |                                                 |
| \\      /  F ield         | OpenFOAM: The Open Source CFD Toolbox           |
|  \\    /   O peration     | Version:  2506                                  |
|   \\  /    A nd           | Website:  www.openfoam.com                      |
|    \\/     M anipulation  |                                                 |
\*---------------------------------------------------------------------------*/
FoamFile
{
    version     2.0;
    format      ascii;
    arch        "LSB;label=32;scalar=64";
    class       volVectorField;
    location    "0.12";
    object      U;
}
// * * * * * * * * * * * * * * * * * * * * * * * * * * * * * * * * * * * * * //

dimensions      [0 1 -1 0 0 0 0];

internalField   nonuniform List<vector> 
1600
(
(6.03719e-05 -6.00137e-05 0)
(0.000155183 -5.66601e-05 0)
(0.000156017 -6.92994e-06 0)
(6.39275e-06 5.22299e-05 0)
(-0.000301928 0.000107463 0)
(-0.000752735 0.000154072 0)
(-0.00132168 0.000190707 0)
(-0.00198194 0.000217408 0)
(-0.00270644 0.000234741 0)
(-0.00346905 0.000243453 0)
(-0.00424518 0.000244332 0)
(-0.00501208 0.000238157 0)
(-0.00574902 0.000225686 0)
(-0.00643735 0.000207652 0)
(-0.00706053 0.000184757 0)
(-0.00760416 0.000157687 0)
(-0.00805598 0.000127124 0)
(-0.00840591 9.37456e-05 0)
(-0.00864607 5.82356e-05 0)
(-0.00877085 2.12954e-05 0)
(-0.00877698 -1.63447e-05 0)
(-0.00866361 -5.3921e-05 0)
(-0.00843238 -9.0635e-05 0)
(-0.00808758 -0.000125654 0)
(-0.00763615 -0.000158111 0)
(-0.00708782 -0.000187113 0)
(-0.00645505 -0.000211752 0)
(-0.0057531 -0.000231117 0)
(-0.00499989 -0.000244312 0)
(-0.0042159 -0.000250474 0)
(-0.00342391 -0.000248794 0)
(-0.00264874 -0.000238532 0)
(-0.00191676 -0.000219054 0)
(-0.00125533 -0.00018988 0)
(-0.000691904 -0.000150807 0)
(-0.0002526 -0.000102253 0)
(4.01591e-05 -4.6088e-05 0)
(0.000173262 1.24907e-05 0)
(0.000159538 5.98645e-05 0)
(6.00005e-05 5.9757e-05 0)
(5.84492e-05 -0.000155917 0)
(7.2203e-05 -6.87638e-05 0)
(-0.000177627 0.000181541 0)
(-0.000768749 0.00047449 0)
(-0.00171555 0.000756955 0)
(-0.00299165 0.00100393 0)
(-0.00454875 0.00120417 0)
(-0.00632779 0.00135379 0)
(-0.00826539 0.00145271 0)
(-0.0102977 0.0015028 0)
(-0.0123627 0.00150705 0)
(-0.0144021 0.00146898 0)
(-0.0163614 0.00139245 0)
(-0.0181915 0.00128149 0)
(-0.0198484 0.0011402 0)
(-0.0212934 0.000972772 0)
(-0.0224937 0.000783432 0)
(-0.0234224 0.000576489 0)
(-0.0240583 0.000356344 0)
(-0.0243868 0.000127528 0)
(-0.0243993 -0.000105275 0)
(-0.0240939 -0.000337209 0)
(-0.0234757 -0.000563251 0)
(-0.0225563 -0.000778214 0)
(-0.021355 -0.000976785 0)
(-0.0198979 -0.00115358 0)
(-0.0182184 -0.00130321 0)
(-0.016357 -0.00142041 0)
(-0.0143609 -0.00150016 0)
(-0.0122834 -0.0015378 0)
(-0.0101831 -0.00152927 0)
(-0.00812325 -0.00147129 0)
(-0.00616943 -0.00136169 0)
(-0.0043881 -0.00119991 0)
(-0.00284337 -0.000987812 0)
(-0.00159273 -0.000731412 0)
(-0.000680478 -0.00044417 0)
(-0.000126744 -0.000153073 0)
(9.13921e-05 8.77499e-05 0)
(6.14368e-05 0.000159925 0)
(1.13488e-05 -0.000161644 0)
(-0.000171077 0.000177864 0)
(-0.000799765 0.000809719 0)
(-0.0019205 0.001528 0)
(-0.00353408 0.00222632 0)
(-0.00560478 0.00284554 0)
(-0.00806814 0.00335426 0)
(-0.0108432 0.00373818 0)
(-0.0138408 0.00399317 0)
(-0.0169697 0.00412118 0)
(-0.0201396 0.00412787 0)
(-0.0232641 0.00402118 0)
(-0.0262626 0.0038105 0)
(-0.0290609 0.00350609 0)
(-0.0315926 0.00311879 0)
(-0.0337993 0.00265984 0)
(-0.0356312 0.00214082 0)
(-0.0370473 0.00157358 0)
(-0.0380158 0.000970346 0)
(-0.0385144 0.00034369 0)
(-0.0385304 -0.000293408 0)
(-0.0380613 -0.000927545 0)
(-0.037115 -0.00154491 0)
(-0.03571 -0.00213133 0)
(-0.0338752 -0.0026724 0)
(-0.0316508 -0.00315362 0)
(-0.0290873 -0.00356067 0)
(-0.0262458 -0.00387968 0)
(-0.0231968 -0.00409763 0)
(-0.0200198 -0.00420281 0)
(-0.0168018 -0.00418537 0)
(-0.013635 -0.00403803 0)
(-0.0106149 -0.00375711 0)
(-0.00783644 -0.00334381 0)
(-0.00538961 -0.0028065 0)
(-0.00335357 -0.00216438 0)
(-0.00178777 -0.00145384 0)
(-0.000720102 -0.000738271 0)
(-0.000138408 -0.00012631 0)
(1.75408e-05 0.000179043 0)
(-4.51906e-05 -2.16403e-05 0)
(-0.000461823 0.000764203 0)
(-0.00152681 0.00193091 0)
(-0.00322353 0.00320873 0)
(-0.00552302 0.00444295 0)
(-0.00837456 0.00553927 0)
(-0.0116976 0.00644301 0)
(-0.0153929 0.00712625 0)
(-0.0193512 0.00757844 0)
(-0.0234598 0.00780028 0)
(-0.0276066 0.00779987 0)
(-0.0316834 0.00759017 0)
(-0.0355883 0.00718735 0)
(-0.0392277 0.0066097 0)
(-0.0425169 0.00587699 0)
(-0.0453815 0.00500999 0)
(-0.0477579 0.00403032 0)
(-0.0495936 0.0029603 0)
(-0.0508481 0.00182295 0)
(-0.0514928 0.000642028 0)
(-0.0515119 -0.000557974 0)
(-0.0509024 -0.00175181 0)
(-0.0496746 -0.00291354 0)
(-0.0478522 -0.00401665 0)
(-0.0454726 -0.00503432 0)
(-0.042587 -0.00593969 0)
(-0.0392598 -0.00670639 0)
(-0.0355686 -0.0073091 0)
(-0.0316027 -0.00772431 0)
(-0.0274625 -0.0079312 0)
(-0.0232569 -0.00791281 0)
(-0.0191013 -0.00765734 0)
(-0.0151141 -0.00716004 0)
(-0.0114126 -0.00642561 0)
(-0.00810748 -0.00547177 0)
(-0.00529635 -0.00433472 0)
(-0.00305434 -0.00307759 0)
(-0.00142323 -0.00180199 0)
(-0.000418159 -0.000666993 0)
(-3.65538e-05 5.92581e-05 0)
(-9.99326e-05 0.000277283 0)
(-0.000756849 0.00171992 0)
(-0.00227675 0.00357212 0)
(-0.0045674 0.0055248 0)
(-0.00755966 0.00738645 0)
(-0.0111819 0.00903271 0)
(-0.0153349 0.0103871 0)
(-0.0199012 0.0114079 0)
(-0.0247541 0.0120773 0)
(-0.0297628 0.0123942 0)
(-0.0347973 0.0123689 0)
(-0.039732 0.0120199 0)
(-0.0444481 0.0113708 0)
(-0.048836 0.0104493 0)
(-0.0527967 0.00928563 0)
(-0.0562427 0.00791191 0)
(-0.0590993 0.00636183 0)
(-0.0613049 0.00467038 0)
(-0.0628118 0.00287371 0)
(-0.0635865 0.00100916 0)
(-0.0636105 -0.000884791 0)
(-0.0628801 -0.00276851 0)
(-0.0614077 -0.00460138 0)
(-0.059221 -0.006342 0)
(-0.0563642 -0.00794857 0)
(-0.0528971 -0.00937946 0)
(-0.0488952 -0.0105939 0)
(-0.0444492 -0.0115531 0)
(-0.0396635 -0.0122211 0)
(-0.034655 -0.0125666 0)
(-0.0295505 -0.0125646 0)
(-0.0244843 -0.0121983 0)
(-0.0195936 -0.0114621 0)
(-0.0150148 -0.0103649 0)
(-0.0108774 -0.00893496 0)
(-0.00729741 -0.00722613 0)
(-0.00436871 -0.00532743 0)
(-0.00215321 -0.00337445 0)
(-0.000703855 -0.0015665 0)
(-8.92115e-05 -0.000213948 0)
(-0.000149869 0.000728692 0)
(-0.0010399 0.0030458 0)
(-0.00301239 0.00574068 0)
(-0.00589704 0.00848371 0)
(-0.00957938 0.0110581 0)
(-0.0139621 0.0133163 0)
(-0.0189243 0.015164 0)
(-0.0243294 0.0165472 0)
(-0.0300331 0.0174418 0)
(-0.0358883 0.0178452 0)
(-0.0417497 0.0177707 0)
(-0.0474767 0.0172424 0)
(-0.0529368 0.0162927 0)
(-0.0580075 0.0149595 0)
(-0.0625779 0.0132847 0)
(-0.0665505 0.0113135 0)
(-0.0698415 0.00909329 0)
(-0.0723819 0.00667341 0)
(-0.0741182 0.00410501 0)
(-0.075013 0.00144095 0)
(-0.0750453 -0.00126429 0)
(-0.0742111 -0.00395471 0)
(-0.0725237 -0.00657295 0)
(-0.0700141 -0.00906066 0)
(-0.0667314 -0.011359 0)
(-0.0627421 -0.0134096 0)
(-0.0581305 -0.0151554 0)
(-0.0529976 -0.0165422 0)
(-0.0474598 -0.0175201 0)
(-0.0416477 -0.0180459 0)
(-0.035703 -0.0180854 0)
(-0.029776 -0.0176161 0)
(-0.024021 -0.0166312 0)
(-0.0185921 -0.0151435 0)
(-0.0136375 -0.0131909 0)
(-0.00929366 -0.0108439 0)
(-0.00567638 -0.00821422 0)
(-0.00287275 -0.0054656 0)
(-0.000978895 -0.00282738 0)
(-0.000137245 -0.000634943 0)
(-0.000194926 0.00132238 0)
(-0.00130673 0.00473064 0)
(-0.00372018 0.00842925 0)
(-0.0071897 0.0120802 0)
(-0.0115539 0.0154511 0)
(-0.0166867 0.0183784 0)
(-0.0224429 0.0207546 0)
(-0.0286649 0.0225167 0)
(-0.0351905 0.0236363 0)
(-0.0418568 0.0241109 0)
(-0.048504 0.0239573 0)
(-0.0549788 0.0232069 0)
(-0.0611365 0.0219015 0)
(-0.0668441 0.0200904 0)
(-0.0719814 0.0178286 0)
(-0.0764422 0.0151754 0)
(-0.0801357 0.0121932 0)
(-0.0829872 0.00894719 0)
(-0.0849384 0.005505 0)
(-0.0859486 0.00193643 0)
(-0.0859946 -0.00168653 0)
(-0.0850717 -0.00528993 0)
(-0.0831938 -0.00879807 0)
(-0.080394 -0.012134 0)
(-0.0767248 -0.0152204 0)
(-0.0722578 -0.0179801 0)
(-0.0670838 -0.0203383 0)
(-0.0613119 -0.0222237 0)
(-0.0550686 -0.023571 0)
(-0.0484956 -0.0243236 0)
(-0.0417479 -0.0244365 0)
(-0.0349902 -0.0238805 0)
(-0.0283931 -0.0226461 0)
(-0.0221287 -0.0207486 0)
(-0.0163648 -0.0182341 0)
(-0.0112605 -0.0151868 0)
(-0.00695674 -0.0117373 0)
(-0.00356922 -0.00807147 0)
(-0.00123921 -0.00444048 0)
(-0.000180545 -0.00119412 0)
(-0.000236039 0.00204878 0)
(-0.00155859 0.0067602 0)
(-0.0043992 0.0116248 0)
(-0.00844146 0.0163033 0)
(-0.0134773 0.0205549 0)
(-0.0193503 0.0242068 0)
(-0.0258889 0.0271429 0)
(-0.0329129 0.0292955 0)
(-0.0402413 0.0306346 0)
(-0.0476952 0.0311598 0)
(-0.055101 0.0308936 0)
(-0.0622932 0.0298758 0)
(-0.069117 0.0281589 0)
(-0.07543 0.0258051 0)
(-0.0811043 0.0228834 0)
(-0.0860271 0.0194685 0)
(-0.0901019 0.0156388 0)
(-0.0932492 0.0114766 0)
(-0.0954071 0.00706678 0)
(-0.0965319 0.00249738 0)
(-0.0965986 -0.00214106 0)
(-0.0956014 -0.00675548 0)
(-0.0935543 -0.0112507 0)
(-0.0904912 -0.0155299 0)
(-0.0864668 -0.0194957 0)
(-0.0815562 -0.0230512 0)
(-0.0758549 -0.026102 0)
(-0.0694785 -0.0285583 0)
(-0.0625615 -0.0303374 0)
(-0.0552554 -0.0313677 0)
(-0.0477272 -0.031592 0)
(-0.0401555 -0.030972 0)
(-0.0327271 -0.0294937 0)
(-0.0256327 -0.0271727 0)
(-0.0190615 -0.0240605 0)
(-0.0131975 -0.0202518 0)
(-0.0082093 -0.015892 0)
(-0.0042435 -0.0111838 0)
(-0.00148667 -0.00639438 0)
(-0.00022013 -0.00188272 0)
(-0.000274342 0.00290027 0)
(-0.00179885 0.00912148 0)
(-0.00505446 0.0153143 0)
(-0.00965817 0.0211416 0)
(-0.0153564 0.0263597 0)
(-0.0219612 0.0307915 0)
(-0.0292735 0.0343178 0)
(-0.0370893 0.0368698 0)
(-0.0452077 0.0384194 0)
(-0.0534334 0.0389714 0)
(-0.0615791 0.0385561 0)
(-0.069468 0.0372237 0)
(-0.0769356 0.0350391 0)
(-0.083832 0.0320785 0)
(-0.0900226 0.0284264 0)
(-0.0953893 0.0241736 0)
(-0.0998311 0.0194158 0)
(-0.103265 0.0142529 0)
(-0.105626 0.00878809 0)
(-0.106868 0.00312822 0)
(-0.106964 -0.00261685 0)
(-0.105907 -0.00833423 0)
(-0.10371 -0.0139084 0)
(-0.100407 -0.0192217 0)
(-0.0960539 -0.0241558 0)
(-0.0907276 -0.0285926 0)
(-0.0845268 -0.0324167 0)
(-0.0775718 -0.035518 0)
(-0.0700037 -0.0377951 0)
(-0.061983 -0.0391588 0)
(-0.0536873 -0.0395375 0)
(-0.0453093 -0.0388817 0)
(-0.0370524 -0.0371699 0)
(-0.0291268 -0.034415 0)
(-0.0217452 -0.0306709 0)
(-0.0151182 -0.0260389 0)
(-0.00944447 -0.0206753 0)
(-0.00490307 -0.0147958 0)
(-0.00172557 -0.00867992 0)
(-0.000257296 -0.00269436 0)
(-0.00031089 0.00387151 0)
(-0.00203141 0.0118046 0)
(-0.0056933 0.0194873 0)
(-0.0108501 0.026586 0)
(-0.0172037 0.0328577 0)
(-0.0245343 0.0381255 0)
(-0.0326143 0.0422715 0)
(-0.0412147 0.0452302 0)
(-0.0501142 0.0469793 0)
(-0.0591003 0.0475318 0)
(-0.0679723 0.0469287 0)
(-0.0765421 0.0452329 0)
(-0.084637 0.0425236 0)
(-0.0921 0.0388927 0)
(-0.0987912 0.0344413 0)
(-0.104588 0.0292775 0)
(-0.109387 0.0235149 0)
(-0.113102 0.0172717 0)
(-0.115665 0.0106699 0)
(-0.117029 0.00383547 0)
(-0.117164 -0.00310201 0)
(-0.116062 -0.0100094 0)
(-0.113735 -0.0167503 0)
(-0.110215 -0.0231857 0)
(-0.105558 -0.0291753 0)
(-0.0998411 -0.0345787 0)
(-0.0931651 -0.0392583 0)
(-0.0856534 -0.043082 0)
(-0.0774523 -0.045927 0)
(-0.0687299 -0.0476849 0)
(-0.0596747 -0.0482665 0)
(-0.0504927 -0.0476078 0)
(-0.0414045 -0.045677 0)
(-0.0326415 -0.0424806 0)
(-0.0244413 -0.0380709 0)
(-0.0170432 -0.0325525 0)
(-0.0106779 -0.0260888 0)
(-0.00555826 -0.0189053 0)
(-0.00196096 -0.0112925 0)
(-0.000293303 -0.00362544 0)
(-0.000346583 0.00495937 0)
(-0.00226005 0.0148034 0)
(-0.00632361 0.0241371 0)
(-0.0120291 0.0326305 0)
(-0.0190343 0.0400437 0)
(-0.0270873 0.0462039 0)
(-0.0359311 0.0509987 0)
(-0.045311 0.05437 0)
(-0.0549842 0.0563055 0)
(-0.0647213 0.05683 0)
(-0.0743075 0.0559984 0)
(-0.0835447 0.0538889 0)
(-0.0922519 0.0505975 0)
(-0.100267 0.0462332 0)
(-0.107445 0.0409153 0)
(-0.113661 0.0347701 0)
(-0.118808 0.0279298 0)
(-0.122799 0.0205311 0)
(-0.125566 0.0127152 0)
(-0.127057 0.00462725 0)
(-0.127243 -0.00358346 0)
(-0.126112 -0.0117635 0)
(-0.123674 -0.0197554 0)
(-0.119961 -0.0273984 0)
(-0.115026 -0.0345297 0)
(-0.108944 -0.0409856 0)
(-0.101817 -0.0466048 0)
(-0.0937703 -0.0512314 0)
(-0.0849534 -0.0547192 0)
(-0.0755414 -0.0569372 0)
(-0.0657324 -0.0577756 0)
(-0.0557461 -0.0571527 0)
(-0.0458211 -0.0550217 0)
(-0.0362106 -0.051379 0)
(-0.0271788 -0.0462713 0)
(-0.0189962 -0.0398024 0)
(-0.0119272 -0.0321397 0)
(-0.00622034 -0.0235163 0)
(-0.00219796 -0.0142327 0)
(-0.000329291 -0.00467528 0)
(-0.00038217 0.00616271 0)
(-0.0024882 0.0181156 0)
(-0.00695294 0.0292613 0)
(-0.0132069 0.039273 0)
(-0.0208635 0.0479158 0)
(-0.0296381 0.0550243 0)
(-0.0392433 0.0604956 0)
(-0.0493982 0.0642836 0)
(-0.059838 0.0663899 0)
(-0.0703157 0.0668555 0)
(-0.0806034 0.0657525 0)
(-0.0904928 0.0631777 0)
(-0.0997961 0.0592459 0)
(-0.108346 0.0540857 0)
(-0.115996 0.0478357 0)
(-0.122618 0.0406415 0)
(-0.128105 0.0326543 0)
(-0.132368 0.0240297 0)
(-0.135338 0.0149278 0)
(-0.136964 0.0055127 0)
(-0.137212 -0.00404684 0)
(-0.13607 -0.0135774 0)
(-0.133545 -0.0229008 0)
(-0.129665 -0.0318345 0)
(-0.124479 -0.0401925 0)
(-0.118061 -0.0477873 0)
(-0.110511 -0.0544325 0)
(-0.101953 -0.0599462 0)
(-0.0925408 -0.0641565 0)
(-0.0824531 -0.0669067 0)
(-0.0718974 -0.0680625 0)
(-0.0611069 -0.06752 0)
(-0.0503381 -0.0652133 0)
(-0.0398675 -0.0611237 0)
(-0.0299876 -0.0552877 0)
(-0.0210017 -0.0478044 0)
(-0.0132107 -0.0388418 0)
(-0.00690055 -0.0286391 0)
(-0.00244145 -0.017507 0)
(-0.000366272 -0.00584587 0)
(-0.000418274 0.00748213 0)
(-0.00271888 0.0217425 0)
(-0.00758823 0.0348616 0)
(-0.0143943 0.046515 0)
(-0.0227054 0.0564749 0)
(-0.0322028 0.064586 0)
(-0.042568 0.0707592 0)
(-0.0534928 0.0749649 0)
(-0.0646902 0.0772234 0)
(-0.0758957 0.0775958 0)
(-0.0868683 0.0761759 0)
(-0.0973908 0.073082 0)
(-0.107269 0.068451 0)
(-0.116334 0.0624329 0)
(-0.124435 0.0551872 0)
(-0.131446 0.0468795 0)
(-0.13726 0.0376806 0)
(-0.141789 0.027765 0)
(-0.144962 0.017311 0)
(-0.146727 0.00650146 0)
(-0.147052 -0.00447646 0)
(-0.145918 -0.01543 0)
(-0.143331 -0.0261609 0)
(-0.139314 -0.0364649 0)
(-0.133911 -0.0461331 0)
(-0.127192 -0.0549533 0)
(-0.119252 -0.0627128 0)
(-0.110215 -0.069202 0)
(-0.100233 -0.0742201 0)
(-0.0894888 -0.0775812 0)
(-0.078198 -0.0791226 0)
(-0.0666061 -0.0787128 0)
(-0.0549878 -0.0762619 0)
(-0.0436436 -0.0717305 0)
(-0.032896 -0.0651399 0)
(-0.0230835 -0.0565798 0)
(-0.0145459 -0.0462157 0)
(-0.00760968 -0.034291 0)
(-0.00269599 -0.021127 0)
(-0.000405155 -0.00714174 0)
(-0.000455428 0.0089197 0)
(-0.00295477 0.0256885 0)
(-0.00823574 0.0409434 0)
(-0.0156014 0.0543618 0)
(-0.0245727 0.0657244 0)
(-0.0347956 0.0748894 0)
(-0.0459191 0.0817861 0)
(-0.0576069 0.0864059 0)
(-0.0695491 0.0887931 0)
(-0.0814643 0.089034 0)
(-0.0930991 0.0872479 0)
(-0.104228 0.0835789 0)
(-0.114654 0.0781889 0)
(-0.124204 0.0712516 0)
(-0.13273 0.0629487 0)
(-0.140107 0.053467 0)
(-0.14623 0.0429969 0)
(-0.151011 0.0317314 0)
(-0.154383 0.0198668 0)
(-0.156294 0.00760292 0)
(-0.156707 -0.00485539 0)
(-0.155604 -0.0172974 0)
(-0.152984 -0.0295055 0)
(-0.148865 -0.041255 0)
(-0.143286 -0.0523141 0)
(-0.136309 -0.0624456 0)
(-0.128023 -0.0714094 0)
(-0.118547 -0.0789661 0)
(-0.10803 -0.0848834 0)
(-0.096658 -0.0889422 0)
(-0.0846511 -0.0909461 0)
(-0.0722664 -0.0907311 0)
(-0.0597964 -0.0881766 0)
(-0.0475664 -0.0832167 0)
(-0.03593 -0.075851 0)
(-0.0252637 -0.0661552 0)
(-0.0159495 -0.0542881 0)
(-0.00835798 -0.0404954 0)
(-0.00296589 -0.0251096 0)
(-0.000446772 -0.00856971 0)
(-0.0004941 0.0104788 0)
(-0.00319832 0.0299612 0)
(-0.00890121 0.0475157 0)
(-0.0168372 0.0628214 0)
(-0.0264768 0.0756693 0)
(-0.0374285 0.0859352 0)
(-0.0493071 0.0935709 0)
(-0.061747 0.098595 0)
(-0.0744157 0.101081 0)
(-0.0870147 0.101146 0)
(-0.0992795 0.0989399 0)
(-0.110979 0.0946368 0)
(-0.121912 0.0884266 0)
(-0.131908 0.0805093 0)
(-0.140822 0.0710907 0)
(-0.148532 0.0603794 0)
(-0.154936 0.0485851 0)
(-0.159953 0.035919 0)
(-0.163515 0.0225938 0)
(-0.165572 0.00882542 0)
(-0.166088 -0.00516567 0)
(-0.165039 -0.0191524 0)
(-0.16242 -0.0328997 0)
(-0.158242 -0.0461632 0)
(-0.152535 -0.0586894 0)
(-0.145353 -0.0702162 0)
(-0.136776 -0.080475 0)
(-0.126914 -0.0891951 0)
(-0.115912 -0.0961091 0)
(-0.103953 -0.100961 0)
(-0.09126 -0.103515 0)
(-0.0781003 -0.103568 0)
(-0.064783 -0.100963 0)
(-0.0516582 -0.0955984 0)
(-0.0391124 -0.0874462 0)
(-0.0275627 -0.0765612 0)
(-0.0174372 -0.0630914 0)
(-0.00915516 -0.047282 0)
(-0.00325523 -0.0294766 0)
(-0.000491914 -0.0101388 0)
(-0.000534738 0.0121642 0)
(-0.00345187 0.0345706 0)
(-0.0095901 0.0545906 0)
(-0.01811 0.0719044 0)
(-0.0284278 0.086316 0)
(-0.0401111 0.0977227 0)
(-0.0527387 0.106105 0)
(-0.0659144 0.111515 0)
(-0.0792827 0.114061 0)
(-0.0925291 0.113898 0)
(-0.10538 0.111212 0)
(-0.117599 0.106212 0)
(-0.128986 0.0991184 0)
(-0.139375 0.0901616 0)
(-0.148625 0.0795723 0)
(-0.156622 0.0675814 0)
(-0.163271 0.0544182 0)
(-0.168495 0.0403106 0)
(-0.172232 0.0254864 0)
(-0.174433 0.0101752 0)
(-0.175062 -0.0053888 0)
(-0.174092 -0.0209648 0)
(-0.171513 -0.0363023 0)
(-0.167326 -0.0511395 0)
(-0.161552 -0.0652024 0)
(-0.154232 -0.0782043 0)
(-0.145434 -0.0898483 0)
(-0.135256 -0.0998303 0)
(-0.123834 -0.107845 0)
(-0.111345 -0.113595 0)
(-0.0980117 -0.116799 0)
(-0.0841078 -0.117209 0)
(-0.0699576 -0.11462 0)
(-0.0559355 -0.108889 0)
(-0.0424623 -0.0999506 0)
(-0.0299989 -0.0878316 0)
(-0.0190235 -0.0726628 0)
(-0.0100105 -0.0546858 0)
(-0.00356798 -0.0342547 0)
(-0.000541357 -0.0118602 0)
(-0.00057781 0.0139815 0)
(-0.00371782 0.0395297 0)
(-0.010308 0.0621832 0)
(-0.0194282 0.0816236 0)
(-0.0304351 0.0976709 0)
(-0.0428516 0.110249 0)
(-0.0562172 0.119375 0)
(-0.0701045 0.125139 0)
(-0.0841345 0.127696 0)
(-0.0979781 0.127243 0)
(-0.111354 0.124009 0)
(-0.124025 0.118243 0)
(-0.135795 0.110203 0)
(-0.146505 0.100148 0)
(-0.156023 0.0883376 0)
(-0.164245 0.0750248 0)
(-0.171086 0.0604579 0)
(-0.176478 0.0448802 0)
(-0.180366 0.0285324 0)
(-0.182704 0.0116553 0)
(-0.183455 -0.00550634 0)
(-0.182591 -0.0227009 0)
(-0.180095 -0.0396656 0)
(-0.175959 -0.0561239 0)
(-0.170189 -0.0717831 0)
(-0.162813 -0.0863339 0)
(-0.153882 -0.0994506 0)
(-0.143479 -0.110795 0)
(-0.131723 -0.120021 0)
(-0.118782 -0.126784 0)
(-0.104874 -0.130753 0)
(-0.0902741 -0.131624 0)
(-0.0753195 -0.129137 0)
(-0.0604078 -0.123095 0)
(-0.0459949 -0.113388 0)
(-0.0325883 -0.100002 0)
(-0.0207225 -0.0830439 0)
(-0.0109333 -0.0627472 0)
(-0.00390818 -0.0394747 0)
(-0.000595904 -0.013747 0)
(-0.000623851 0.0159381 0)
(-0.00399892 0.0448542 0)
(-0.0110611 0.0703115 0)
(-0.020801 0.0919934 0)
(-0.0325084 0.10974 0)
(-0.0456568 0.123509 0)
(-0.0597433 0.133358 0)
(-0.0743071 0.139432 0)
(-0.0889465 0.141935 0)
(-0.103319 0.141117 0)
(-0.11714 0.137259 0)
(-0.130174 0.130653 0)
(-0.142233 0.121598 0)
(-0.153169 0.110389 0)
(-0.162865 0.0973121 0)
(-0.171231 0.0826445 0)
(-0.178196 0.0666516 0)
(-0.183703 0.0495903 0)
(-0.187706 0.0317115 0)
(-0.190164 0.0132641 0)
(-0.191044 -0.00550074 0)
(-0.190314 -0.0243241 0)
(-0.187949 -0.0429348 0)
(-0.183931 -0.0610453 0)
(-0.178252 -0.0783474 0)
(-0.170919 -0.0945108 0)
(-0.161965 -0.109183 0)
(-0.151449 -0.121989 0)
(-0.139472 -0.132542 0)
(-0.126184 -0.140445 0)
(-0.111791 -0.145308 0)
(-0.0965671 -0.146765 0)
(-0.080856 -0.144488 0)
(-0.0650767 -0.138216 0)
(-0.0497208 -0.127775 0)
(-0.0353455 -0.113106 0)
(-0.0225473 -0.0942789 0)
(-0.0119327 -0.0715112 0)
(-0.00428001 -0.0451721 0)
(-0.000656421 -0.0158145 0)
(-0.000673519 0.0180425 0)
(-0.00429848 0.050563 0)
(-0.0118568 0.0789969 0)
(-0.0222388 0.10303 0)
(-0.0346584 0.122527 0)
(-0.0485335 0.137488 0)
(-0.0633146 0.148025 0)
(-0.0785061 0.154342 0)
(-0.0936841 0.156708 0)
(-0.108496 0.155436 0)
(-0.122656 0.150863 0)
(-0.135936 0.143336 0)
(-0.148163 0.133197 0)
(-0.159205 0.12078 0)
(-0.168965 0.106399 0)
(-0.177371 0.0903553 0)
(-0.18437 0.0729293 0)
(-0.189921 0.0543894 0)
(-0.19399 0.0349932 0)
(-0.196544 0.0149933 0)
(-0.197553 -0.00535645 0)
(-0.196984 -0.0257952 0)
(-0.194804 -0.0460481 0)
(-0.190982 -0.0658209 0)
(-0.185493 -0.0847943 0)
(-0.178323 -0.10262 0)
(-0.169478 -0.118921 0)
(-0.158992 -0.133287 0)
(-0.146936 -0.145286 0)
(-0.133437 -0.154465 0)
(-0.118682 -0.160371 0)
(-0.102934 -0.16256 0)
(-0.0865392 -0.160628 0)
(-0.0699344 -0.154233 0)
(-0.0536454 -0.143125 0)
(-0.0382827 -0.127177 0)
(-0.0245115 -0.106414 0)
(-0.0130186 -0.0810272 0)
(-0.00468807 -0.0513873 0)
(-0.000723887 -0.0180804 0)
(-0.000727681 0.0203054 0)
(-0.00462081 0.0566792 0)
(-0.0127046 0.0882649 0)
(-0.0237548 0.114751 0)
(-0.0368984 0.136036 0)
(-0.0514892 0.152169 0)
(-0.0669269 0.163332 0)
(-0.0826792 0.169801 0)
(-0.0983018 0.171924 0)
(-0.113435 0.170088 0)
(-0.127798 0.164698 0)
(-0.141177 0.156159 0)
(-0.153419 0.144866 0)
(-0.164415 0.13119 0)
(-0.174094 0.115477 0)
(-0.182409 0.0980487 0)
(-0.189329 0.0792011 0)
(-0.194834 0.0592095 0)
(-0.198904 0.0383342 0)
(-0.201518 0.0168271 0)
(-0.20265 -0.00506127 0)
(-0.202267 -0.0270733 0)
(-0.200328 -0.0489364 0)
(-0.19679 -0.0703555 0)
(-0.191607 -0.0910052 0)
(-0.184741 -0.110525 0)
(-0.176165 -0.128514 0)
(-0.165881 -0.144531 0)
(-0.153925 -0.158096 0)
(-0.140389 -0.168699 0)
(-0.125432 -0.175813 0)
(-0.109296 -0.178909 0)
(-0.092324 -0.177489 0)
(-0.074962 -0.171112 0)
(-0.057769 -0.159434 0)
(-0.0414107 -0.142243 0)
(-0.0266285 -0.119497 0)
(-0.0142018 -0.0913492 0)
(-0.00513763 -0.0581652 0)
(-0.000799465 -0.0205649 0)
(-0.000787515 0.0227399 0)
(-0.00497165 0.0632313 0)
(-0.0136171 0.0981459 0)
(-0.0253663 0.127177 0)
(-0.0392448 0.150263 0)
(-0.0545328 0.167522 0)
(-0.0705734 0.179216 0)
(-0.0867969 0.185717 0)
(-0.102741 0.187463 0)
(-0.118044 0.184931 0)
(-0.132437 0.178604 0)
(-0.145729 0.168956 0)
(-0.157795 0.156434 0)
(-0.168558 0.141453 0)
(-0.177978 0.124392 0)
(-0.18604 0.105589 0)
(-0.192742 0.0853533 0)
(-0.198087 0.0639631 0)
(-0.202075 0.0416767 0)
(-0.204699 0.0187392 0)
(-0.20594 -0.00460789 0)
(-0.205765 -0.0281169 0)
(-0.204128 -0.0515244 0)
(-0.20097 -0.0745412 0)
(-0.196224 -0.0968428 0)
(-0.189823 -0.118062 0)
(-0.181706 -0.13778 0)
(-0.171832 -0.155527 0)
(-0.160194 -0.170777 0)
(-0.146839 -0.182959 0)
(-0.131886 -0.191464 0)
(-0.115546 -0.195669 0)
(-0.0981434 -0.194965 0)
(-0.0801273 -0.188791 0)
(-0.0620849 -0.176684 0)
(-0.0447385 -0.158321 0)
(-0.028913 -0.133573 0)
(-0.0154946 -0.102535 0)
(-0.00563501 -0.0655567 0)
(-0.000884585 -0.0232911 0)
(-0.000854663 0.0253626 0)
(-0.00535888 0.0702545 0)
(-0.014611 0.108677 0)
(-0.0270962 0.14033 0)
(-0.0417193 0.165204 0)
(-0.0576753 0.183503 0)
(-0.0742446 0.195596 0)
(-0.09082 0.201968 0)
(-0.106925 0.20317 0)
(-0.122205 0.199783 0)
(-0.136411 0.192382 0)
(-0.149386 0.181516 0)
(-0.161041 0.167692 0)
(-0.171342 0.15137 0)
(-0.180288 0.132957 0)
(-0.187902 0.112811 0)
(-0.194217 0.0912467 0)
(-0.199265 0.0685416 0)
(-0.203069 0.0449458 0)
(-0.205638 0.0206916 0)
(-0.206963 -0.00399556 0)
(-0.207014 -0.0288855 0)
(-0.205739 -0.0537315 0)
(-0.203065 -0.0782584 0)
(-0.198902 -0.102151 0)
(-0.193151 -0.125042 0)
(-0.185711 -0.146504 0)
(-0.176493 -0.166042 0)
(-0.165437 -0.183088 0)
(-0.152533 -0.197007 0)
(-0.137845 -0.207105 0)
(-0.121538 -0.212653 0)
(-0.103903 -0.21291 0)
(-0.0853812 -0.207174 0)
(-0.0665786 -0.194831 0)
(-0.0482732 -0.175419 0)
(-0.0313814 -0.148686 0)
(-0.0169121 -0.114647 0)
(-0.00618809 -0.073619 0)
(-0.000981081 -0.0262859 0)
(-0.00093144 0.028195 0)
(-0.0057934 0.077794 0)
(-0.0157094 0.119903 0)
(-0.028975 0.154233 0)
(-0.04435 0.180844 0)
(-0.0609299 0.200053 0)
(-0.0779265 0.212361 0)
(-0.0946963 0.218396 0)
(-0.110756 0.218846 0)
(-0.125768 0.214415 0)
(-0.139519 0.205783 0)
(-0.151894 0.193583 0)
(-0.162856 0.178387 0)
(-0.172419 0.160697 0)
(-0.180636 0.14095 0)
(-0.187572 0.119517 0)
(-0.193301 0.0967143 0)
(-0.197888 0.0728132 0)
(-0.201384 0.0480486 0)
(-0.203816 0.0226329 0)
(-0.20519 -0.00323191 0)
(-0.205478 -0.0293412 0)
(-0.204624 -0.0554737 0)
(-0.202543 -0.0813774 0)
(-0.199121 -0.106755 0)
(-0.194226 -0.131252 0)
(-0.187712 -0.154437 0)
(-0.179435 -0.1758 0)
(-0.169273 -0.194736 0)
(-0.157147 -0.210549 0)
(-0.143049 -0.222458 0)
(-0.127078 -0.229611 0)
(-0.109475 -0.231123 0)
(-0.0906528 -0.226119 0)
(-0.0712248 -0.213802 0)
(-0.0520202 -0.193524 0)
(-0.0340529 -0.164875 0)
(-0.0184732 -0.127752 0)
(-0.00680705 -0.0824174 0)
(-0.00109138 -0.029581 0)
(-0.00102114 0.0312651 0)
(-0.00629037 0.0859078 0)
(-0.0169437 0.131882 0)
(-0.0310433 0.168914 0)
(-0.0471728 0.197161 0)
(-0.064311 0.217086 0)
(-0.0815965 0.229363 0)
(-0.0983536 0.234795 0)
(-0.114104 0.234239 0)
(-0.128543 0.228543 0)
(-0.141506 0.218504 0)
(-0.15294 0.204849 0)
(-0.16287 0.188215 0)
(-0.171376 0.169147 0)
(-0.178564 0.148107 0)
(-0.184557 0.125474 0)
(-0.18947 0.10156 0)
(-0.193407 0.0766222 0)
(-0.19645 0.0508728 0)
(-0.198648 0.0244971 0)
(-0.200021 -0.00233457 0)
(-0.200548 -0.0294513 0)
(-0.200172 -0.0566662 0)
(-0.198795 -0.0837607 0)
(-0.196281 -0.110467 0)
(-0.192465 -0.13645 0)
(-0.187153 -0.161293 0)
(-0.180143 -0.184478 0)
(-0.171239 -0.205374 0)
(-0.160279 -0.22323 0)
(-0.147167 -0.237173 0)
(-0.131915 -0.246226 0)
(-0.114686 -0.249336 0)
(-0.095842 -0.245428 0)
(-0.075984 -0.233475 0)
(-0.0559819 -0.212597 0)
(-0.0369507 -0.182169 0)
(-0.0202021 -0.141922 0)
(-0.00750549 -0.0920277 0)
(-0.00121878 -0.0332144 0)
(-0.00112851 0.0346106 0)
(-0.00687104 0.094672 0)
(-0.0183563 0.144685 0)
(-0.0333544 0.184402 0)
(-0.0502316 0.214115 0)
(-0.0678315 0.234483 0)
(-0.0852163 0.246403 0)
(-0.101689 0.250901 0)
(-0.116793 0.249032 0)
(-0.130277 0.241813 0)
(-0.142049 0.230176 0)
(-0.152134 0.214943 0)
(-0.160638 0.196819 0)
(-0.167713 0.176388 0)
(-0.173535 0.154128 0)
(-0.178283 0.130419 0)
(-0.182124 0.105563 0)
(-0.1852 0.0797908 0)
(-0.187626 0.0532878 0)
(-0.189476 0.026203 0)
(-0.190785 -0.00133252 0)
(-0.191544 -0.0291902 0)
(-0.191694 -0.057227 0)
(-0.191129 -0.0852672 0)
(-0.189695 -0.113084 0)
(-0.187193 -0.140378 0)
(-0.183382 -0.166757 0)
(-0.177999 -0.191711 0)
(-0.170766 -0.214597 0)
(-0.161428 -0.234618 0)
(-0.149779 -0.250819 0)
(-0.135719 -0.262091 0)
(-0.119303 -0.267196 0)
(-0.100808 -0.264825 0)
(-0.0807958 -0.253674 0)
(-0.0601559 -0.232565 0)
(-0.0401029 -0.200586 0)
(-0.0221309 -0.157232 0)
(-0.00830203 -0.102539 0)
(-0.00136794 -0.0372322 0)
(-0.00126051 0.0382821 0)
(-0.00756536 0.104187 0)
(-0.0200055 0.158401 0)
(-0.0359772 0.200725 0)
(-0.0535778 0.231642 0)
(-0.0714955 0.252077 0)
(-0.0887195 0.263218 0)
(-0.104549 0.266368 0)
(-0.118578 0.262823 0)
(-0.130638 0.253793 0)
(-0.140733 0.240356 0)
(-0.148991 0.223433 0)
(-0.155613 0.203788 0)
(-0.160838 0.18204 0)
(-0.164918 0.158673 0)
(-0.168093 0.134059 0)
(-0.170581 0.108474 0)
(-0.172568 0.0821217 0)
(-0.174198 0.0551468 0)
(-0.175573 0.0276559 0)
(-0.176746 -0.000266805 0)
(-0.177716 -0.0285426 0)
(-0.178431 -0.0570805 0)
(-0.178779 -0.0857583 0)
(-0.178591 -0.114402 0)
(-0.177641 -0.142761 0)
(-0.175645 -0.170484 0)
(-0.172276 -0.19709 0)
(-0.167174 -0.221941 0)
(-0.159977 -0.244213 0)
(-0.150353 -0.262878 0)
(-0.13806 -0.276699 0)
(-0.123011 -0.284245 0)
(-0.105355 -0.283937 0)
(-0.0855682 -0.27414 0)
(-0.0645308 -0.253299 0)
(-0.0435441 -0.220119 0)
(-0.024303 -0.173766 0)
(-0.0092228 -0.114058 0)
(-0.00154558 -0.0416927 0)
(-0.00142749 0.0423495 0)
(-0.00841605 0.114585 0)
(-0.0219699 0.173141 0)
(-0.0389988 0.217905 0)
(-0.0572654 0.249638 0)
(-0.0752858 0.269631 0)
(-0.0919897 0.279453 0)
(-0.106706 0.280753 0)
(-0.119117 0.275113 0)
(-0.129175 0.26396 0)
(-0.137017 0.248522 0)
(-0.142895 0.229816 0)
(-0.147124 0.20866 0)
(-0.150041 0.185688 0)
(-0.151974 0.161378 0)
(-0.15323 0.136079 0)
(-0.154075 0.110034 0)
(-0.154735 0.0834054 0)
(-0.155386 0.0562917 0)
(-0.156152 0.0287495 0)
(-0.157103 0.000809796 0)
(-0.158253 -0.027505 0)
(-0.159556 -0.0561633 0)
(-0.160903 -0.0851051 0)
(-0.162115 -0.11422 0)
(-0.162945 -0.143321 0)
(-0.163076 -0.172117 0)
(-0.162124 -0.200177 0)
(-0.159645 -0.22689 0)
(-0.155167 -0.251433 0)
(-0.148215 -0.27273 0)
(-0.138379 -0.289428 0)
(-0.125385 -0.299898 0)
(-0.109201 -0.302268 0)
(-0.0901602 -0.29451 0)
(-0.0690787 -0.274599 0)
(-0.0473152 -0.240732 0)
(-0.0267771 -0.191608 0)
(-0.0103053 -0.126716 0)
(-0.00176176 -0.0466709 0)
(-0.00164532 0.04691 0)
(-0.00948475 0.126044 0)
(-0.0243561 0.189041 0)
(-0.0425253 0.235945 0)
(-0.0613409 0.267934 0)
(-0.0791391 0.286806 0)
(-0.0948241 0.294631 0)
(-0.107807 0.293485 0)
(-0.117917 0.285282 0)
(-0.125277 0.271683 0)
(-0.130193 0.254066 0)
(-0.133069 0.233532 0)
(-0.134349 0.210927 0)
(-0.134471 0.186884 0)
(-0.133844 0.161858 0)
(-0.132833 0.136156 0)
(-0.13175 0.109977 0)
(-0.130854 0.0834304 0)
(-0.130345 0.0565616 0)
(-0.130367 0.0293718 0)
(-0.131008 0.00183445 0)
(-0.132295 -0.0260886 0)
(-0.134193 -0.0544299 0)
(-0.136598 -0.0831981 0)
(-0.139336 -0.112356 0)
(-0.142151 -0.141795 0)
(-0.144702 -0.1713 0)
(-0.14656 -0.200515 0)
(-0.147212 -0.22889 0)
(-0.146072 -0.255634 0)
(-0.142518 -0.279656 0)
(-0.135943 -0.299521 0)
(-0.125844 -0.313416 0)
(-0.111944 -0.319159 0)
(-0.094352 -0.314274 0)
(-0.0737384 -0.296154 0)
(-0.0514612 -0.26233 0)
(-0.0296333 -0.210845 0)
(-0.0116045 -0.140677 0)
(-0.00203197 -0.0522667 0)
(-0.00193911 0.0521019 0)
(-0.010862 0.138801 0)
(-0.027307 0.206257 0)
(-0.046678 0.254805 0)
(-0.0658188 0.286254 0)
(-0.0829025 0.303116 0)
(-0.0968746 0.308109 0)
(-0.107312 0.303831 0)
(-0.11427 0.292568 0)
(-0.118103 0.276222 0)
(-0.119328 0.256302 0)
(-0.118526 0.233963 0)
(-0.116275 0.210053 0)
(-0.113116 0.185176 0)
(-0.10953 0.159735 0)
(-0.10593 0.133982 0)
(-0.102662 0.108053 0)
(-0.100006 0.0819985 0)
(-0.0981788 0.0558043 0)
(-0.0973376 0.0294127 0)
(-0.0975817 0.00273783 0)
(-0.0989518 -0.0243199 0)
(-0.101427 -0.0518586 0)
(-0.104921 -0.0799589 0)
(-0.109269 -0.108663 0)
(-0.114225 -0.13795 0)
(-0.119442 -0.167702 0)
(-0.124467 -0.197659 0)
(-0.128735 -0.227369 0)
(-0.131566 -0.256115 0)
(-0.132189 -0.282845 0)
(-0.12979 -0.306087 0)
(-0.123592 -0.323883 0)
(-0.113001 -0.333752 0)
(-0.097796 -0.332725 0)
(-0.0783864 -0.317497 0)
(-0.0560228 -0.284735 0)
(-0.03298 -0.231555 0)
(-0.0132027 -0.156151 0)
(-0.00238107 -0.0586174 0)
(-0.00235 0.0581256 0)
(-0.012683 0.153171 0)
(-0.0310118 0.224956 0)
(-0.0515783 0.274357 0)
(-0.0706344 0.304154 0)
(-0.0862556 0.317857 0)
(-0.097551 0.319021 0)
(-0.10439 0.310858 0)
(-0.107153 0.296051 0)
(-0.1065 0.276723 0)
(-0.103197 0.254474 0)
(-0.098015 0.230467 0)
(-0.0916659 0.205508 0)
(-0.0847786 0.180132 0)
(-0.0778879 0.154667 0)
(-0.0714374 0.129286 0)
(-0.0657865 0.104052 0)
(-0.0612205 0.0789463 0)
(-0.0579585 0.053893 0)
(-0.0561609 0.0287752 0)
(-0.0559334 0.00344978 0)
(-0.0573281 -0.0222411 0)
(-0.0603417 -0.0484584 0)
(-0.0649089 -0.0753528 0)
(-0.0708928 -0.103048 0)
(-0.0780714 -0.131617 0)
(-0.0861196 -0.16105 0)
(-0.0945906 -0.191211 0)
(-0.102896 -0.221778 0)
(-0.110295 -0.252163 0)
(-0.115889 -0.281413 0)
(-0.118659 -0.308097 0)
(-0.117529 -0.330183 0)
(-0.111511 -0.344938 0)
(-0.0999348 -0.34889 0)
(-0.0827794 -0.337929 0)
(-0.0610135 -0.307618 0)
(-0.0369599 -0.253782 0)
(-0.015225 -0.173403 0)
(-0.00285042 -0.0659187 0)
(-0.00294801 0.065279 0)
(-0.0151532 0.169572 0)
(-0.0357117 0.245282 0)
(-0.0573055 0.294303 0)
(-0.0755475 0.320915 0)
(-0.0885766 0.330015 0)
(-0.09587 0.32621 0)
(-0.0977655 0.313399 0)
(-0.0950964 0.29465 0)
(-0.0888934 0.272243 0)
(-0.0801988 0.247799 0)
(-0.0699675 0.222418 0)
(-0.0590252 0.196808 0)
(-0.0480591 0.171392 0)
(-0.0376261 0.14639 0)
(-0.0281691 0.121878 0)
(-0.0200354 0.0978357 0)
(-0.0134934 0.0741709 0)
(-0.00874739 0.0507458 0)
(-0.00594766 0.0273892 0)
(-0.00519799 0.00390717 0)
(-0.00655841 -0.0199089 0)
(-0.0100439 -0.0442746 0)
(-0.0156187 -0.0694037 0)
(-0.0231855 -0.0954954 0)
(-0.0325688 -0.122717 0)
(-0.0434931 -0.151173 0)
(-0.0555553 -0.18087 0)
(-0.0681919 -0.211649 0)
(-0.0806474 -0.243102 0)
(-0.0919487 -0.274455 0)
(-0.100902 -0.304417 0)
(-0.106132 -0.330997 0)
(-0.106205 -0.351313 0)
(-0.0998678 -0.361444 0)
(-0.0864501 -0.356407 0)
(-0.0663667 -0.330408 0)
(-0.0417496 -0.277494 0)
(-0.0178645 -0.192776 0)
(-0.00351124 -0.0744595 0)
(-0.00385589 0.0740184 0)
(-0.0185864 0.188539 0)
(-0.0416868 0.267274 0)
(-0.0637945 0.314022 0)
(-0.0799601 0.335384 0)
(-0.088713 0.33814 0)
(-0.0902189 0.328157 0)
(-0.0855133 0.310037 0)
(-0.0760095 0.287142 0)
(-0.0631579 0.261798 0)
(-0.0482688 0.235529 0)
(-0.0324454 0.20928 0)
(-0.0165764 0.183592 0)
(-0.00135631 0.158729 0)
(0.0126831 0.134775 0)
(0.0251399 0.111695 0)
(0.0357126 0.0893774 0)
(0.0441756 0.0676604 0)
(0.0503603 0.0463497 0)
(0.0541409 0.0252286 0)
(0.0554255 0.00406369 0)
(0.0541516 -0.0173917 0)
(0.0502859 -0.0393941 0)
(0.0438295 -0.0622067 0)
(0.0348283 -0.0860922 0)
(0.0233903 -0.111302 0)
(0.00971057 -0.138053 0)
(-0.00589494 -0.166499 0)
(-0.0229454 -0.196668 0)
(-0.040743 -0.228382 0)
(-0.0583174 -0.261126 0)
(-0.0743793 -0.293872 0)
(-0.0873065 -0.324828 0)
(-0.0952077 -0.351147 0)
(-0.0961341 -0.368609 0)
(-0.0885155 -0.371391 0)
(-0.0718156 -0.352122 0)
(-0.0475348 -0.302473 0)
(-0.0214183 -0.214689 0)
(-0.00448936 -0.0846832 0)
(-0.00529219 0.0850644 0)
(-0.0234542 0.210717 0)
(-0.0491836 0.290682 0)
(-0.0706016 0.332316 0)
(-0.0825689 0.345742 0)
(-0.0846005 0.340198 0)
(-0.0780033 0.322929 0)
(-0.0647654 0.299125 0)
(-0.0469727 0.272248 0)
(-0.026483 0.244471 0)
(-0.0048085 0.217067 0)
(0.0168853 0.190714 0)
(0.0377322 0.165714 0)
(0.0571055 0.142131 0)
(0.0745606 0.119895 0)
(0.0897852 0.0988515 0)
(0.102561 0.0788034 0)
(0.112733 0.0595271 0)
(0.120189 0.0407847 0)
(0.124842 0.0223282 0)
(0.126624 0.00390063 0)
(0.125474 -0.0147651 0)
(0.121344 -0.0339481 0)
(0.114198 -0.0539412 0)
(0.104021 -0.0750506 0)
(0.090838 -0.0975917 0)
(0.0747341 -0.121879 0)
(0.0558942 -0.148201 0)
(0.0346522 -0.176781 0)
(0.0115596 -0.207702 0)
(-0.0125293 -0.240779 0)
(-0.0363604 -0.275373 0)
(-0.0581913 -0.310095 0)
(-0.0757555 -0.342398 0)
(-0.0863727 -0.368059 0)
(-0.0873328 -0.380632 0)
(-0.0766365 -0.371096 0)
(-0.0544132 -0.328106 0)
(-0.0263298 -0.239614 0)
(-0.00600877 -0.097293 0)
(-0.00764059 0.099574 0)
(-0.0304185 0.236757 0)
(-0.0581729 0.314589 0)
(-0.0763899 0.346974 0)
(-0.0807279 0.349197 0)
(-0.0726483 0.333439 0)
(-0.0551463 0.308201 0)
(-0.031357 0.278918 0)
(-0.00401683 0.248803 0)
(0.0247359 0.2196 0)
(0.0533443 0.192142 0)
(0.0807288 0.166731 0)
(0.106169 0.14337 0)
(0.129202 0.121902 0)
(0.14954 0.1021 0)
(0.167013 0.0837002 0)
(0.181519 0.0664354 0)
(0.193 0.0500381 0)
(0.201416 0.0342458 0)
(0.206732 0.0187989 0)
(0.208911 0.00343685 0)
(0.207902 -0.0121075 0)
(0.203646 -0.0281135 0)
(0.196069 -0.0448793 0)
(0.185096 -0.0627273 0)
(0.170658 -0.0820084 0)
(0.15271 -0.103101 0)
(0.131271 -0.126405 0)
(0.106466 -0.152314 0)
(0.0786062 -0.18117 0)
(0.0482922 -0.213161 0)
(0.0165568 -0.248141 0)
(-0.0149613 -0.285332 0)
(-0.043843 -0.322832 0)
(-0.066809 -0.356887 0)
(-0.0799011 -0.380933 0)
(-0.0791146 -0.384567 0)
(-0.0621099 -0.352962 0)
(-0.0331987 -0.267922 0)
(-0.00845812 -0.113419 0)
(-0.0115172 0.11937 0)
(-0.0402007 0.266935 0)
(-0.0676463 0.336658 0)
(-0.0778357 0.354146 0)
(-0.069317 0.341678 0)
(-0.0468081 0.314406 0)
(-0.0154414 0.281476 0)
(0.0205494 0.247893 0)
(0.0580386 0.216099 0)
(0.094913 0.187082 0)
(0.129841 0.161064 0)
(0.162038 0.13789 0)
(0.191079 0.117246 0)
(0.216766 0.0987681 0)
(0.239036 0.0820933 0)
(0.257898 0.0668824 0)
(0.273395 0.0528252 0)
(0.285578 0.0396381 0)
(0.294489 0.0270587 0)
(0.300152 0.0148387 0)
(0.302563 0.00273548 0)
(0.301689 -0.00949587 0)
(0.297462 -0.0221117 0)
(0.289781 -0.0353893 0)
(0.278513 -0.0496365 0)
(0.263497 -0.0652027 0)
(0.244559 -0.0824878 0)
(0.22153 -0.10195 0)
(0.194289 -0.124105 0)
(0.162825 -0.149505 0)
(0.127347 -0.178688 0)
(0.0884464 -0.212049 0)
(0.0473396 -0.249577 0)
(0.00619213 -0.290371 0)
(-0.031534 -0.331774 0)
(-0.0608627 -0.367987 0)
(-0.0754702 -0.388113 0)
(-0.069207 -0.374022 0)
(-0.0425866 -0.299432 0)
(-0.0124395 -0.134819 0)
(-0.0176299 0.147269 0)
(-0.0527432 0.30014 0)
(-0.0737257 0.351768 0)
(-0.0674047 0.347527 0)
(-0.038873 0.317729 0)
(0.00268465 0.279321 0)
(0.0501252 0.240689 0)
(0.0987054 0.205366 0)
(0.145547 0.17442 0)
(0.18908 0.147805 0)
(0.228562 0.125038 0)
(0.26374 0.105518 0)
(0.294624 0.0886663 0)
(0.321359 0.0739686 0)
(0.344142 0.0609886 0)
(0.363179 0.0493591 0)
(0.378658 0.0387702 0)
(0.390737 0.0289555 0)
(0.399535 0.0196806 0)
(0.405129 0.0107314 0)
(0.407551 0.00190404 0)
(0.406784 -0.00700439 0)
(0.402761 -0.0162061 0)
(0.395362 -0.0259331 0)
(0.384413 -0.0364487 0)
(0.36968 -0.048062 0)
(0.350874 -0.0611436 0)
(0.327657 -0.0761452 0)
(0.299658 -0.0936185 0)
(0.266512 -0.114232 0)
(0.227939 -0.138771 0)
(0.183892 -0.168094 0)
(0.134803 -0.202983 0)
(0.0820115 -0.243779 0)
(0.0283724 -0.289563 0)
(-0.0209658 -0.336523 0)
(-0.0578031 -0.375049 0)
(-0.0712065 -0.385357 0)
(-0.0540343 -0.332305 0)
(-0.0185603 -0.16415 0)
(-0.0256643 0.187838 0)
(-0.0642255 0.331422 0)
(-0.065103 0.349397 0)
(-0.0291833 0.317288 0)
(0.0271573 0.270786 0)
(0.0906646 0.225003 0)
(0.153744 0.18524 0)
(0.212572 0.152386 0)
(0.265558 0.12571 0)
(0.312324 0.104083 0)
(0.353075 0.0864306 0)
(0.388256 0.0718563 0)
(0.418379 0.0596527 0)
(0.443938 0.0492721 0)
(0.46537 0.0402917 0)
(0.483048 0.0323815 0)
(0.497274 0.0252791 0)
(0.508285 0.01877 0)
(0.516256 0.0126729 0)
(0.521301 0.00682718 0)
(0.523477 0.00108367 0)
(0.522782 -0.00470458 0)
(0.519158 -0.0106908 0)
(0.51248 -0.0170438 0)
(0.502556 -0.023959 0)
(0.489115 -0.0316719 0)
(0.4718 -0.040476 0)
(0.450153 -0.0507466 0)
(0.423613 -0.0629723 0)
(0.391506 -0.0777958 0)
(0.353077 -0.0960637 0)
(0.307554 -0.118873 0)
(0.254323 -0.147581 0)
(0.193295 -0.183685 0)
(0.125636 -0.228335 0)
(0.0550146 -0.280925 0)
(-0.0104938 -0.335786 0)
(-0.0561954 -0.375826 0)
(-0.0629039 -0.360561 0)
(-0.0261459 -0.205611 0)
(-0.0291842 0.244772 0)
(-0.0582598 0.345128 0)
(-0.0132791 0.310277 0)
(0.0679713 0.250609 0)
(0.155663 0.195518 0)
(0.237756 0.15142 0)
(0.310167 0.11803 0)
(0.372189 0.0931115 0)
(0.424617 0.07439 0)
(0.468716 0.060096 0)
(0.505746 0.0489613 0)
(0.536805 0.0400991 0)
(0.562798 0.0328908 0)
(0.584454 0.0269003 0)
(0.602347 0.0218147 0)
(0.616927 0.0174035 0)
(0.628542 0.0134921 0)
(0.637452 0.00994339 0)
(0.643846 0.00664518 0)
(0.64785 0.0035008 0)
(0.649528 0.000422035 0)
(0.648891 -0.00267697 0)
(0.64589 -0.00588555 0)
(0.640417 -0.00930278 0)
(0.632291 -0.013045 0)
(0.621254 -0.0172556 0)
(0.606947 -0.022119 0)
(0.588891 -0.02788 0)
(0.566454 -0.034874 0)
(0.538815 -0.0435718 0)
(0.504915 -0.0546481 0)
(0.463423 -0.0690836 0)
(0.412731 -0.0883066 0)
(0.351072 -0.114357 0)
(0.276997 -0.149948 0)
(0.190529 -0.197936 0)
(0.0953512 -0.259135 0)
(0.00381717 -0.326554 0)
(-0.0517936 -0.367234 0)
(-0.0278365 -0.261486 0)
(0.010949 0.28494 0)
(0.0251494 0.29903 0)
(0.148307 0.213921 0)
(0.278979 0.145903 0)
(0.384827 0.100369 0)
(0.468027 0.0706159 0)
(0.533515 0.051219 0)
(0.585223 0.0383366 0)
(0.626399 0.0294883 0)
(0.659545 0.0231738 0)
(0.686479 0.0184968 0)
(0.708511 0.0149122 0)
(0.726592 0.0120788 0)
(0.74142 0.00977554 0)
(0.753515 0.00785389 0)
(0.763262 0.00621014 0)
(0.770948 0.00476889 0)
(0.776786 0.0034729 0)
(0.780925 0.00227658 0)
(0.783466 0.00114152 0)
(0.784462 3.32047e-05 0)
(0.783925 -0.00108164 0)
(0.781823 -0.00223758 0)
(0.778079 -0.00347317 0)
(0.772561 -0.00483424 0)
(0.765077 -0.00637839 0)
(0.755351 -0.00818149 0)
(0.743007 -0.0103478 0)
(0.727524 -0.0130265 0)
(0.708189 -0.016439 0)
(0.684011 -0.0209278 0)
(0.653605 -0.0270429 0)
(0.615006 -0.0356995 0)
(0.565445 -0.0484618 0)
(0.501185 -0.0679992 0)
(0.417554 -0.0986361 0)
(0.308667 -0.146674 0)
(0.171208 -0.219431 0)
(0.0383289 -0.309661 0)
(0.0166633 -0.294878 0)
(0.302174 0.146382 0)
(0.40088 0.127357 0)
(0.563264 0.0753823 0)
(0.681046 0.0430551 0)
(0.751359 0.0253487 0)
(0.796433 0.015605 0)
(0.827696 0.0101565 0)
(0.850351 0.00700434 0)
(0.867354 0.0050789 0)
(0.880499 0.00382681 0)
(0.890886 0.00296218 0)
(0.899208 0.0023328 0)
(0.905929 0.00185381 0)
(0.911368 0.00147534 0)
(0.915753 0.00116643 0)
(0.919248 0.000906722 0)
(0.921971 0.000682127 0)
(0.92401 0.000482337 0)
(0.925425 0.000299382 0)
(0.926257 0.000126702 0)
(0.926528 -4.15012e-05 0)
(0.926243 -0.000210768 0)
(0.925389 -0.000386865 0)
(0.923938 -0.000576269 0)
(0.921838 -0.000786801 0)
(0.919012 -0.0010285 0)
(0.91535 -0.001315 0)
(0.9107 -0.00166573 0)
(0.904842 -0.0021099 0)
(0.897469 -0.00269377 0)
(0.888128 -0.00349507 0)
(0.876141 -0.00465258 0)
(0.860432 -0.00642885 0)
(0.839224 -0.00934316 0)
(0.809522 -0.0144393 0)
(0.765997 -0.0237757 0)
(0.696957 -0.0413032 0)
(0.578689 -0.0742162 0)
(0.411457 -0.127987 0)
(0.306891 -0.148187 0)
)
;

boundaryField
{
    movingWall
    {
        type            fixedValue;
        value           uniform (1 0 0);
    }
    fixedWalls
    {
        type            noSlip;
    }
    frontAndBack
    {
        type            empty;
    }
}


// ************************************************************************* //
