/*--------------------------------*- C++ -*----------------------------------*\
| =========                 |                                                 |
| \\      /  F ield         | OpenFOAM: The Open Source CFD Toolbox           |
|  \\    /   O peration     | Version:  2506                                  |
|   \\  /    A nd           | Website:  www.openfoam.com                      |
|    \\/     M anipulation  |                                                 |
\*---------------------------------------------------------------------------*/
FoamFile
{
    version     2.0;
    format      ascii;
    arch        "LSB;label=32;scalar=64";
    class       volScalarField;
    location    "4.875";
    object      pNear;
}
// * * * * * * * * * * * * * * * * * * * * * * * * * * * * * * * * * * * * * //

dimensions      [0 2 -2 0 0 0 0];

internalField   nonuniform List<scalar> 
400
(
3.87646e-16
0
5.4392e-13
1.65607e-14
9.10341e-14
6.32639e-15
4.63777e-15
0
0
0
0
0
0
0
0
0
0
0
0
0
0
5.13458e-14
0
2.40649e-15
1.16239e-14
0
0
0
0
0
0
0
0
0
0
0
0
0
0
0
4.15476e-14
0
0
0
0
0
0
0
0
0
0
0
0
0
0
0
0
0
0
0
0
1.56805e-12
0
1.40113e-14
0
0
0
0
0
0
0
0
0
0
0
0
0
0
0
0
0
0
0
0
0
0
0
0
0
0
0
0
0
0
0
0
0
0
0
0
3.69294e-14
1.7352e-12
0
1.77132e-14
0
0
0
0
0
0
0
0
0
0
0
0
0
0
0
0
0
0
0
0
0
0
0
0
0
0
0
0
0
0
0
0
0
0
0
0
7.19544e-14
1.51687e-12
0
9.65825e-15
0
0
0
0
0
0
0
0
0
0
0
0
0
0
0
0
0
0
0
0
0
0
0
0
0
0
0
0
0
0
0
0
0
0
0
0
9.13339e-14
1.21281e-12
0
0
0
0
0
0
0
0
0
0
0
0
0
0
0
0
0
0
0
0
0
0
0
0
0
0
0
0
0
0
0
0
0
0
0
0
0
0
9.64775e-14
9.33865e-13
0
0
0
0
0
0
0
0
0
0
0
0
0
0
0
0
0
0
0
0
0
0
0
0
0
0
0
0
0
0
0
0
0
0
0
0
0
0
9.23462e-14
7.18077e-13
0
0
0
0
0
0
0
0
0
0
0
0
0
0
0
0
0
0
0
0
0
0
0
0
0
0
0
0
0
0
0
0
0
0
0
0
0
0
8.97393e-14
5.63204e-13
0
0
0
0
0
0
0
0
0
0
0
0
0
0
0
0
0
0
0
0
0
0
0
0
0
0
0
0
0
0
0
0
0
0
0
0
0
0
1.01393e-13
4.28271e-13
0
0
0
0
0
0
0
0
0
0
0
0
0
0
0
0
0
0
0
0
1.86975e-14
0
9.54778e-15
0
0
0
0
0
0
0
0
0
0
0
0
0
0
0
3.41437e-14
0
4.43853e-13
0
5.98241e-14
0
0
0
0
0
0
0
0
0
0
0
0
0
0
0
)
;

boundaryField
{
    movingWall
    {
        type            zeroGradient;
    }
    fixedWalls
    {
        type            calculated;
        value           nonuniform List<scalar> 
60
(
3.29499e-16
6.29029e-15
2.90833e-14
6.23214e-15
5.53941e-15
2.58506e-14
1.63326e-14
5.03681e-14
2.44933e-14
6.39337e-14
2.81717e-14
6.75342e-14
2.83235e-14
6.46423e-14
2.73128e-14
6.28175e-14
2.86698e-14
7.0975e-14
2.03305e-14
2.90222e-14
0
0
0
0
0
0
0
0
0
0
0
0
0
0
0
0
0
0
0
0
3.29499e-16
8.16462e-14
3.83228e-13
1.06836e-13
6.71569e-14
1.87792e-14
4.1954e-15
6.95666e-16
0
0
0
0
0
0
0
0
0
0
0
0
)
;
    }
    frontAndBack
    {
        type            empty;
    }
}


// ************************************************************************* //
