/*--------------------------------*- C++ -*----------------------------------*\
| =========                 |                                                 |
| \\      /  F ield         | OpenFOAM: The Open Source CFD Toolbox           |
|  \\    /   O peration     | Version:  2506                                  |
|   \\  /    A nd           | Website:  www.openfoam.com                      |
|    \\/     M anipulation  |                                                 |
\*---------------------------------------------------------------------------*/
FoamFile
{
    version     2.0;
    format      ascii;
    arch        "LSB;label=32;scalar=64";
    class       surfaceScalarField;
    location    "5.5";
    object      surfaceP;
}
// * * * * * * * * * * * * * * * * * * * * * * * * * * * * * * * * * * * * * //

dimensions      [0 2 -2 0 0 0 0];

internalField   nonuniform List<scalar> 
760
(
8.50601e-16
4.13872e-16
1.01548e-15
8.50601e-16
2.98791e-16
3.09332e-16
1.84459e-16
1.53315e-16
9.72391e-17
9.91288e-17
9.16181e-17
4.66929e-17
4.49252e-17
6.94322e-17
0
0
0
0
0
0
0
0
0
0
0
0
0
0
0
0
0
0
0
0
0
0
0
0
0
4.13872e-16
5.81273e-16
1.44454e-16
0
1.63856e-16
2.37559e-16
6.79851e-17
1.94026e-17
4.85825e-17
6.78508e-17
2.4507e-17
3.33725e-17
2.4507e-17
2.67567e-17
0
0
0
0
0
0
0
0
0
0
0
0
0
0
0
0
0
0
0
0
0
0
0
0
0
1.67402e-16
1.67402e-16
9.31057e-17
5.1791e-16
9.31057e-17
9.31057e-17
1.92682e-17
0
5.26407e-17
1.92682e-17
3.56222e-17
3.33725e-17
2.24972e-18
2.24972e-18
0
0
0
0
0
0
0
0
0
0
0
0
0
0
0
0
0
0
0
0
0
0
0
0
0
5.1791e-16
0
5.1791e-16
5.1791e-16
0
0
0
0
0
0
0
0
0
0
0
1.52503e-17
0
0
0
0
0
0
0
0
0
0
0
0
0
0
0
0
0
0
0
0
0
0
0
0
0
0
5.35685e-16
0
0
0
0
0
0
0
0
1.52503e-17
1.10751e-17
1.52503e-17
1.52503e-17
0
0
0
0
0
0
0
0
0
0
0
0
0
0
0
0
0
0
0
0
0
0
0
5.35685e-16
0
5.35685e-16
5.35685e-16
0
0
0
0
0
0
1.10751e-17
0
1.10751e-17
1.10751e-17
0
0
0
0
0
0
0
0
0
0
0
0
0
0
0
0
0
0
0
0
0
0
0
0
0
0
6.98672e-17
0
0
0
0
0
0
0
0
0
0
0
0
0
0
0
0
0
0
0
0
0
0
0
0
0
0
0
0
0
0
0
0
0
0
0
0
0
6.98672e-17
1.23478e-16
0
0
0
0
0
0
0
0
0
0
0
0
0
0
0
0
0
0
0
0
0
0
0
0
0
0
0
0
0
0
0
0
0
0
0
0
0
5.36109e-17
8.06543e-17
0
2.78708e-16
0
0
0
0
0
0
0
0
0
0
0
0
0
0
0
0
0
0
0
0
0
0
0
0
0
0
0
0
0
0
0
0
0
0
0
3.05751e-16
2.70434e-17
2.78708e-16
2.78708e-16
0
0
0
0
0
0
0
0
0
0
0
0
0
0
0
0
0
0
0
0
0
0
0
0
0
0
0
0
0
0
0
0
0
0
0
0
0
0
1.12301e-15
0
0
0
0
0
0
0
0
0
0
0
0
0
0
0
0
0
0
0
0
0
0
0
0
0
0
0
0
0
0
0
0
0
0
0
1.12301e-15
2.74882e-16
1.12301e-15
1.12301e-15
0
5.3112e-17
0
0
0
0
0
0
0
0
0
0
0
0
0
0
0
0
0
0
0
0
0
0
0
0
0
0
0
0
0
0
0
0
0
2.74882e-16
3.84481e-16
5.3112e-17
5.35856e-16
5.3112e-17
5.3112e-17
0
0
0
0
0
0
0
0
0
0
0
0
0
0
0
0
0
0
0
0
0
0
0
0
0
0
0
0
0
0
0
0
0
6.45455e-16
1.44723e-16
5.35856e-16
5.35856e-16
0
1.3617e-17
0
0
0
0
0
0
0
0
0
0
0
0
0
0
0
0
0
0
0
0
0
0
0
0
0
0
0
0
0
0
0
0
0
3.51235e-17
1.29142e-16
1.3617e-17
0
1.3617e-17
1.3617e-17
0
0
0
0
0
0
0
0
0
0
0
0
0
0
0
0
0
0
0
0
0
0
0
0
0
0
0
0
0
0
0
0
0
9.4019e-17
9.4019e-17
0
0
0
0
0
0
0
0
0
0
0
0
0
0
0
0
0
0
0
0
0
0
0
0
0
0
0
0
0
0
0
0
0
0
0
0
0
0
1.20438e-16
0
0
0
0
0
0
0
0
0
0
0
0
0
0
0
0
0
0
0
0
0
0
0
0
0
0
0
0
0
0
0
0
0
0
0
0
0
1.20438e-16
1.42082e-16
0
0
0
0
0
0
0
0
0
0
0
0
0
0
0
0
0
0
0
0
0
0
0
0
0
0
0
0
0
0
0
0
0
0
0
0
0
2.16437e-17
2.16437e-17
0
5.54249e-16
0
0
0
0
0
0
0
0
0
0
0
0
0
0
0
0
0
0
0
0
0
0
0
0
0
0
0
0
0
0
0
0
0
0
0
5.54249e-16
5.54249e-16
0
0
0
0
0
0
0
0
0
0
0
0
0
0
0
0
0
)
;

boundaryField
{
    movingWall
    {
        type            calculated;
        value           nonuniform List<scalar> 
20
(
0
1.1085e-15
0
0
0
0
0
0
0
0
0
0
0
0
0
0
0
0
0
0
)
;
    }
    fixedWalls
    {
        type            calculated;
        value           nonuniform List<scalar> 
60
(
0
8.27743e-16
3.34804e-16
0
0
0
0
1.39734e-16
1.07222e-16
5.40868e-17
0
0
5.49763e-16
2.19199e-16
7.02469e-17
1.88038e-16
0
2.40877e-16
4.32875e-17
0
0
0
0
0
0
0
0
0
0
0
0
0
0
0
0
0
0
0
0
0
0
1.7012e-15
3.29757e-16
2.67826e-16
1.01093e-16
9.33857e-17
8.98505e-17
0
0
0
0
0
0
0
0
0
0
0
0
0
)
;
    }
    frontAndBack
    {
        type            empty;
    }
}


// ************************************************************************* //
