/*--------------------------------*- C++ -*----------------------------------*\
| =========                 |                                                 |
| \\      /  F ield         | OpenFOAM: The Open Source CFD Toolbox           |
|  \\    /   O peration     | Version:  2506                                  |
|   \\  /    A nd           | Website:  www.openfoam.com                      |
|    \\/     M anipulation  |                                                 |
\*---------------------------------------------------------------------------*/
FoamFile
{
    version     2.0;
    format      ascii;
    arch        "LSB;label=32;scalar=64";
    class       volScalarField;
    location    "5.5";
    object      zeroGradient(p);
}
// * * * * * * * * * * * * * * * * * * * * * * * * * * * * * * * * * * * * * //

dimensions      [0 2 -2 0 0 0 0];

internalField   nonuniform List<scalar> 
400
(
0
1.7012e-15
3.29757e-16
2.67826e-16
1.01093e-16
9.33857e-17
8.98505e-17
0
0
0
0
0
0
0
0
0
0
0
0
0
8.27743e-16
0
2.88907e-16
3.88052e-17
9.7165e-17
0
4.9014e-17
0
0
0
0
0
0
0
0
0
0
0
0
0
3.34804e-16
0
1.86211e-16
0
3.85365e-17
6.6745e-17
4.49943e-18
0
0
0
0
0
0
0
0
0
0
0
0
0
0
1.03582e-15
0
0
0
0
0
0
0
0
0
0
0
0
0
0
0
0
0
0
0
0
0
0
0
0
0
3.05005e-17
0
0
0
0
0
0
0
0
0
0
0
0
0
1.07137e-15
0
0
0
0
2.21502e-17
0
0
0
0
0
0
0
0
0
0
0
0
0
0
0
0
0
0
0
0
0
0
0
0
0
0
0
0
0
0
0
0
0
1.39734e-16
0
0
0
0
0
0
0
0
0
0
0
0
0
0
0
0
0
0
0
1.07222e-16
0
0
0
0
0
0
0
0
0
0
0
0
0
0
0
0
0
0
0
5.40868e-17
5.57416e-16
0
0
0
0
0
0
0
0
0
0
0
0
0
0
0
0
0
0
0
0
0
0
0
0
0
0
0
0
0
0
0
0
0
0
0
0
0
0
0
2.24602e-15
0
0
0
0
0
0
0
0
0
0
0
0
0
0
0
0
0
0
5.49763e-16
0
1.06224e-16
0
0
0
0
0
0
0
0
0
0
0
0
0
0
0
0
0
2.19199e-16
1.07171e-15
0
0
0
0
0
0
0
0
0
0
0
0
0
0
0
0
0
0
7.02469e-17
0
2.7234e-17
0
0
0
0
0
0
0
0
0
0
0
0
0
0
0
0
0
1.88038e-16
0
0
0
0
0
0
0
0
0
0
0
0
0
0
0
0
0
0
0
0
0
0
0
0
0
0
0
0
0
0
0
0
0
0
0
0
0
0
0
2.40877e-16
0
0
0
0
0
0
0
0
0
0
0
0
0
0
0
0
0
0
0
4.32875e-17
0
0
0
0
0
0
0
0
0
0
0
0
0
0
0
0
0
0
0
0
1.1085e-15
0
0
0
0
0
0
0
0
0
0
0
0
0
0
0
0
0
0
)
;

boundaryField
{
    movingWall
    {
        type            zeroGradient;
    }
    fixedWalls
    {
        type            zeroGradient;
    }
    frontAndBack
    {
        type            empty;
    }
}


// ************************************************************************* //
