/*--------------------------------*- C++ -*----------------------------------*\
| =========                 |                                                 |
| \\      /  F ield         | OpenFOAM: The Open Source CFD Toolbox           |
|  \\    /   O peration     | Version:  2506                                  |
|   \\  /    A nd           | Website:  www.openfoam.com                      |
|    \\/     M anipulation  |                                                 |
\*---------------------------------------------------------------------------*/
FoamFile
{
    version     2.0;
    format      ascii;
    arch        "LSB;label=32;scalar=64";
    class       volScalarField;
    location    "0.775";
    object      Uy;
}
// * * * * * * * * * * * * * * * * * * * * * * * * * * * * * * * * * * * * * //

dimensions      [0 1 -1 0 0 0 0];

internalField   nonuniform List<scalar> 
6400
(
-7.24591e-06
-1.44457e-05
-1.41806e-05
-9.73997e-06
-3.43057e-06
3.54367e-06
1.05674e-05
1.73211e-05
2.36421e-05
2.9449e-05
3.47036e-05
3.9391e-05
4.35097e-05
4.70664e-05
5.00731e-05
5.25448e-05
5.44989e-05
5.59539e-05
5.69292e-05
5.7445e-05
5.75217e-05
5.71798e-05
5.644e-05
5.53229e-05
5.38489e-05
5.20384e-05
4.99118e-05
4.74891e-05
4.47903e-05
4.18355e-05
3.86444e-05
3.52371e-05
3.16335e-05
2.78538e-05
2.3918e-05
1.98468e-05
1.56608e-05
1.13812e-05
7.0294e-06
2.62721e-06
-1.80304e-06
-6.23861e-06
-1.06562e-05
-1.50322e-05
-1.93423e-05
-2.35619e-05
-2.76658e-05
-3.16287e-05
-3.54247e-05
-3.9028e-05
-4.24123e-05
-4.55514e-05
-4.84193e-05
-5.09901e-05
-5.32381e-05
-5.51381e-05
-5.66658e-05
-5.77972e-05
-5.85097e-05
-5.87815e-05
-5.85922e-05
-5.79226e-05
-5.67555e-05
-5.50752e-05
-5.28684e-05
-5.01239e-05
-4.68335e-05
-4.29924e-05
-3.86004e-05
-3.36633e-05
-2.81963e-05
-2.22289e-05
-1.58151e-05
-9.05264e-06
-2.12097e-06
4.64549e-06
1.06212e-05
1.46091e-05
1.43633e-05
6.87412e-06
-2.98113e-05
-5.15093e-05
-4.40935e-05
-1.91116e-05
1.53135e-05
5.41469e-05
9.43057e-05
0.000133898
0.000171764
0.000207185
0.000239724
0.00026912
0.000295226
0.000317977
0.000337362
0.000353411
0.000366178
0.000375742
0.000382193
0.000385636
0.000386183
0.00038395
0.000379062
0.000371642
0.000361821
0.000349726
0.000335491
0.000319247
0.000301127
0.000281264
0.000259795
0.000236854
0.000212578
0.000187106
0.000160577
0.000133131
0.000104914
7.60689e-05
4.67455e-05
1.70938e-05
-1.27328e-05
-4.25782e-05
-7.22834e-05
-0.000101687
-0.000130624
-0.000158928
-0.000186429
-0.000212958
-0.000238342
-0.000262408
-0.000284982
-0.000305894
-0.000324971
-0.000342045
-0.00035695
-0.000369526
-0.000379618
-0.000387075
-0.000391759
-0.000393538
-0.000392292
-0.000387914
-0.000380311
-0.000369408
-0.00035515
-0.000337506
-0.000316472
-0.000292081
-0.000264411
-0.0002336
-0.000199869
-0.00016356
-0.000125191
-8.5552e-05
-4.58739e-05
-8.0946e-06
2.46971e-05
4.75473e-05
5.2611e-05
2.92269e-05
-5.94458e-05
-8.99446e-05
-6.05033e-05
6.71713e-06
9.62926e-05
0.00019756
0.000303283
0.000408617
0.000510338
0.000606299
0.000695083
0.000775775
0.000847803
0.000910846
0.000964759
0.00100953
0.00104523
0.00107202
0.00109012
0.00109976
0.00110124
0.00109485
0.00108093
0.00105981
0.00103185
0.000997407
0.000956845
0.000910536
0.000858858
0.000802192
0.000740921
0.000675435
0.000606126
0.000533392
0.000457634
0.000379261
0.000298686
0.000216329
0.000132616
4.79821e-05
-3.7132e-05
-0.000122277
-0.000206997
-0.000290827
-0.000373298
-0.000453932
-0.000532248
-0.000607759
-0.000679978
-0.000748413
-0.000812575
-0.000871979
-0.000926145
-0.000974598
-0.00101688
-0.00105254
-0.00108115
-0.0011023
-0.00111561
-0.00112073
-0.00111734
-0.00110517
-0.00108398
-0.0010536
-0.00101392
-0.000964919
-0.000906644
-0.000839275
-0.000763136
-0.000678737
-0.000586844
-0.000488573
-0.000385532
-0.000280043
-0.000175474
-7.67457e-05
8.93618e-06
7.11357e-05
9.50129e-05
5.98439e-05
-8.12455e-05
-0.000104464
-3.52035e-05
9.36964e-05
0.000259461
0.000445532
0.000640038
0.000834613
0.0010234
0.00120231
0.00136854
0.00152017
0.00165595
0.0017751
0.00187722
0.00196215
0.00202995
0.00208084
0.00211513
0.00213327
0.00213573
0.00212309
0.00209592
0.00205487
0.00200058
0.00193375
0.00185506
0.00176524
0.00166499
0.00155507
0.0014362
0.00130915
0.00117469
0.00103357
0.000886589
0.000734541
0.00057823
0.000418477
0.000256113
9.19847e-05
-7.30479e-05
-0.000238111
-0.000402316
-0.000564763
-0.000724539
-0.000880719
-0.00103237
-0.00117856
-0.00131833
-0.00145075
-0.00157487
-0.00168977
-0.00179452
-0.00188821
-0.00196998
-0.00203896
-0.00209436
-0.00213539
-0.00216136
-0.0021716
-0.00216554
-0.00214269
-0.00210264
-0.00204512
-0.00196999
-0.00187725
-0.00176711
-0.00164001
-0.0014967
-0.00133827
-0.00116634
-0.000983173
-0.000791911
-0.000596935
-0.000404328
-0.00022257
-6.34574e-05
5.68143e-05
0.000116298
8.39132e-05
-8.71089e-05
-7.96051e-05
4.99555e-05
0.000259801
0.000520519
0.000810038
0.00111195
0.00141425
0.00170822
0.00198757
0.00224781
0.00248579
0.00269935
0.0028871
0.00304822
0.00318234
0.00328941
0.00336968
0.00342357
0.00345168
0.00345475
0.0034336
0.00338915
0.00332238
0.00323432
0.00312604
0.00299864
0.00285327
0.00269107
0.00251324
0.00232096
0.00211545
0.00189796
0.00166973
0.00143203
0.00118614
0.000933393
0.000675099
0.000412613
0.000147308
-0.000119423
-0.000386164
-0.000651479
-0.00091391
-0.00117198
-0.00142421
-0.00166908
-0.00190509
-0.00213071
-0.00234444
-0.00254477
-0.00273019
-0.00289926
-0.00305051
-0.00318256
-0.00329407
-0.00338374
-0.00345038
-0.00349288
-0.00351022
-0.00350152
-0.00346604
-0.00340321
-0.00331264
-0.0031942
-0.00304799
-0.00287446
-0.00267443
-0.00244922
-0.00220072
-0.00193164
-0.00164563
-0.00134769
-0.00104454
-0.000745228
-0.000461907
-0.000210902
-1.3838e-05
0.000100835
9.32145e-05
-7.38292e-05
-7.42191e-06
0.000205523
0.000516593
0.000890826
0.00130128
0.00172737
0.00215356
0.00256827
0.00296288
0.00333108
0.00366831
0.00397136
0.00423808
0.00446715
0.00465785
0.00480999
0.00492378
0.00499973
0.00503862
0.00504141
0.00500924
0.00494337
0.00484518
0.00471611
0.00455771
0.00437154
0.00415923
0.00392247
0.00366295
0.00338242
0.00308264
0.0027654
0.00243255
0.00208592
0.0017274
0.00135889
0.000982352
0.000599741
0.000213065
-0.000175644
-0.000564321
-0.000950872
-0.00133318
-0.00170909
-0.00207644
-0.00243305
-0.00277672
-0.00310526
-0.00341648
-0.00370819
-0.00397824
-0.00422452
-0.00444495
-0.00463753
-0.00480035
-0.00493157
-0.00502948
-0.00509252
-0.00511926
-0.00510851
-0.00505924
-0.0049707
-0.00484244
-0.00467434
-0.00446666
-0.00422018
-0.00393622
-0.00361678
-0.00326474
-0.00288403
-0.00247992
-0.0020594
-0.00163166
-0.00120875
-0.000806424
-0.000445212
-0.000151595
4.04623e-05
8.43901e-05
-4.01611e-05
0.000116275
0.000437763
0.000871391
0.00137786
0.00192616
0.00249199
0.00305663
0.00360571
0.00412833
0.00461629
0.00506358
0.00546583
0.00582006
0.0061243
0.00637748
0.00657919
0.00672955
0.00682914
0.00687889
0.00688001
0.00683397
0.0067424
0.0066071
0.00642999
0.0062131
0.00595855
0.00566854
0.0053453
0.00499115
0.00460845
0.00419958
0.003767
0.00331319
0.00284067
0.00235199
0.00184978
0.00133666
0.000815338
0.000288527
-0.000240998
-0.000770427
-0.00129691
-0.00181757
-0.00232948
-0.00282971
-0.00331529
-0.00378325
-0.00423062
-0.00465443
-0.00505174
-0.00541965
-0.0057553
-0.00605592
-0.00631881
-0.00654141
-0.00672127
-0.00685613
-0.00694392
-0.00698277
-0.00697112
-0.00690767
-0.00679149
-0.00662206
-0.00639933
-0.00612378
-0.00579657
-0.00541959
-0.00499567
-0.00452874
-0.00402408
-0.00348867
-0.00293155
-0.00236439
-0.00180215
-0.00126392
-0.00077399
-0.00036298
-6.9237e-05
5.60665e-05
1.41548e-05
0.000293317
0.000749949
0.00132838
0.00198614
0.00268895
0.00340942
0.00412595
0.00482166
0.00548346
0.00610136
0.00666782
0.00717734
0.00762599
0.0080112
0.00833143
0.00858601
0.00877498
0.00889894
0.00895898
0.00895656
0.00889346
0.00877172
0.00859359
0.00836151
0.00807806
0.00774593
0.00736792
0.00694694
0.00648596
0.005988
0.00545618
0.00489364
0.00430362
0.00368938
0.00305425
0.0024016
0.00173487
0.00105753
0.000373147
-0.000314705
-0.00100238
-0.00168618
-0.00236238
-0.0030272
-0.00367683
-0.00430745
-0.00491523
-0.00549632
-0.0060469
-0.00656318
-0.00704143
-0.00747799
-0.00786929
-0.00821189
-0.0085025
-0.00873803
-0.00891559
-0.00903256
-0.00908662
-0.0090758
-0.00899852
-0.00885368
-0.0086407
-0.00835962
-0.00801119
-0.00759697
-0.00711953
-0.00658254
-0.00599107
-0.00535181
-0.00467345
-0.00396707
-0.00324672
-0.00253007
-0.00183922
-0.00120171
-0.000651524
-0.000230296
7.88647e-06
8.88214e-05
0.000523998
0.00114325
0.00188946
0.00271796
0.00359203
0.00448171
0.00536297
0.00621669
0.00702779
0.00778457
0.00847807
0.00910161
0.00965039
0.0101211
0.0105119
0.0108217
0.0110504
0.0111987
0.0112678
0.0112595
0.0111758
0.0110193
0.0107925
0.0104986
0.0101407
0.00972206
0.00924621
0.00871673
0.00813731
0.00751172
0.00684385
0.00613762
0.00539707
0.00462627
0.00382939
0.00301065
0.00217436
0.00132486
0.000466594
-0.000395951
-0.00125822
-0.0021156
-0.00296342
-0.00379698
-0.00461152
-0.00540228
-0.00616447
-0.00689332
-0.00758407
-0.00823202
-0.00883251
-0.00938103
-0.00987314
-0.0103046
-0.0106713
-0.0109695
-0.0111957
-0.0113466
-0.0114193
-0.0114116
-0.0113215
-0.0111478
-0.0108899
-0.0105478
-0.0101226
-0.00961636
-0.00903228
-0.00837495
-0.00765056
-0.00686722
-0.0060353
-0.00516784
-0.00428111
-0.00339524
-0.00253497
-0.00173056
-0.00101863
-0.00044318
-5.99244e-05
0.000183263
0.000807693
0.00161745
0.00255492
0.00357404
0.00463627
0.00570968
0.00676821
0.0077908
0.00876062
0.00966441
0.0104919
0.0112353
0.0118889
0.0124488
0.0129126
0.0132791
0.0135479
0.01372
0.0137964
0.0137794
0.0136713
0.013475
0.0131938
0.0128312
0.012391
0.0118772
0.011294
0.0106457
0.00993673
0.00917174
0.00835538
0.00749245
0.00658782
0.00564647
0.00467345
0.0036739
0.00265305
0.0016162
0.000568735
-0.000483885
-0.00153612
-0.00258237
-0.00361696
-0.00463419
-0.00562828
-0.00659345
-0.0075239
-0.00841386
-0.00925756
-0.0100493
-0.0107835
-0.0114546
-0.0120574
-0.0125867
-0.0130376
-0.0134056
-0.0136864
-0.0138762
-0.0139716
-0.0139698
-0.0138686
-0.0136665
-0.013363
-0.0129581
-0.0124532
-0.0118509
-0.011155
-0.010371
-0.00950626
-0.00857018
-0.00757476
-0.00653487
-0.00546883
-0.00439893
-0.00335219
-0.0023611
-0.00146432
-0.000707414
-0.000146844
0.000296788
0.00114328
0.00217152
0.00332401
0.00455393
0.00582148
0.00709322
0.00834145
0.00954351
0.010681
0.0117394
0.0127071
0.0135754
0.0143378
0.0149898
0.0155285
0.0159524
0.0162613
0.0164557
0.0165374
0.0165084
0.0163717
0.0161306
0.0157889
0.0153508
0.0148207
0.0142032
0.0135033
0.0127262
0.0118771
0.0109614
0.00998469
0.00895267
0.00787112
0.00674595
0.00558317
0.00438888
0.00316931
0.00193076
0.000679619
-0.000577606
-0.00183434
-0.00308393
-0.00431963
-0.00553468
-0.00672222
-0.00787539
-0.00898733
-0.0100512
-0.0110601
-0.0120074
-0.0128863
-0.0136906
-0.0144137
-0.0150497
-0.0155929
-0.0160378
-0.0163795
-0.0166135
-0.0167358
-0.0167432
-0.0166331
-0.0164039
-0.0160548
-0.0155861
-0.0149994
-0.0142978
-0.0134856
-0.0125694
-0.0115574
-0.0104604
-0.00929194
-0.0080685
-0.00681024
-0.00554138
-0.00429083
-0.0030929
-0.00198776
-0.00102201
-0.000252225
0.000428681
0.00152938
0.00280394
0.00419534
0.00565647
0.00714672
0.00863151
0.0100819
0.0114739
0.0127879
0.0140081
0.0151219
0.0161198
0.0169944
0.0177407
0.0183556
0.0188372
0.0191852
0.0194004
0.0194845
0.0194401
0.0192704
0.0189793
0.018571
0.0180505
0.0174227
0.0166932
0.0158677
0.014952
0.0139524
0.0128751
0.0117267
0.0105138
0.00924302
0.00792139
0.00655588
0.00515363
0.00372188
0.00226801
0.000799464
-0.000676163
-0.0021512
-0.00361788
-0.00506836
-0.00649473
-0.00788901
-0.00924321
-0.0105493
-0.0117994
-0.0129854
-0.0140996
-0.0151342
-0.0160817
-0.0169348
-0.0176865
-0.01833
-0.0188593
-0.0192683
-0.0195521
-0.019706
-0.0197263
-0.0196101
-0.0193554
-0.0189614
-0.0184285
-0.0177585
-0.0169548
-0.0160225
-0.0149689
-0.0138032
-0.0125376
-0.0111866
-0.00976857
-0.00830511
-0.00682211
-0.00535013
-0.00392489
-0.00258768
-0.00138573
-0.00037539
0.000578248
0.00196457
0.00351296
0.00516717
0.00688005
0.00861055
0.0103233
0.0119884
0.0135809
0.0150801
0.0164691
0.0177346
0.0188662
0.019856
0.0206986
0.0213904
0.0219295
0.0223155
0.0225494
0.022633
0.0225693
0.0223619
0.0220153
0.0215343
0.0209244
0.0201914
0.0193416
0.0183814
0.0173178
0.0161577
0.0149084
0.0135773
0.012172
0.0107003
0.0091701
0.00758948
0.00596664
0.00430988
0.00262769
0.000928647
-0.000778549
-0.00248508
-0.00418201
-0.00586034
-0.00751098
-0.00912478
-0.0106926
-0.0122051
-0.0136533
-0.015028
-0.0163203
-0.0175212
-0.0186221
-0.0196147
-0.020491
-0.0212432
-0.0218642
-0.0223474
-0.0226868
-0.0228774
-0.0229147
-0.0227955
-0.0225175
-0.0220798
-0.0214827
-0.0207283
-0.0198204
-0.0187646
-0.0175688
-0.0162433
-0.0148012
-0.0132585
-0.0116347
-0.00995283
-0.0082403
-0.00652895
-0.00485568
-0.0032626
-0.00179729
-0.000515691
0.000744849
0.00244743
0.00429682
0.0062376
0.00822286
0.0102113
0.0121671
0.0140596
0.0158631
0.0175561
0.0191209
0.0205435
0.0218128
0.0229206
0.023861
0.0246302
0.0252263
0.0256488
0.0258989
0.0259788
0.0258917
0.0256418
0.025234
0.0246739
0.0239677
0.0231219
0.0221436
0.0210401
0.0198192
0.0184889
0.0170573
0.0155329
0.0139243
0.0122403
0.01049
0.00868235
0.00682679
0.00493274
0.00300979
0.00106769
-0.000883694
-0.00283436
-0.00477418
-0.00669295
-0.00858035
-0.010426
-0.0122195
-0.0139505
-0.0156085
-0.0171833
-0.0186645
-0.0200423
-0.0213068
-0.0224484
-0.0234582
-0.0243274
-0.0250479
-0.0256122
-0.0260136
-0.0262462
-0.0263051
-0.0261865
-0.0258878
-0.0254079
-0.0247471
-0.0239077
-0.0228936
-0.021711
-0.0203685
-0.0188772
-0.017251
-0.0155072
-0.0136662
-0.0117526
-0.0097949
-0.00782602
-0.00588381
-0.00401104
-0.00225546
-0.000672537
0.000927909
0.00297665
0.00515378
0.00740476
0.00968301
0.0119472
0.0141612
0.016294
0.0183192
0.0202147
0.0219622
0.0235472
0.0249582
0.0261866
0.0272261
0.0280729
0.0287251
0.0291824
0.029446
0.0295186
0.0294038
0.0291063
0.0286317
0.0279861
0.0271765
0.0262103
0.0250953
0.0238399
0.0224527
0.0209425
0.0193187
0.0175907
0.0157682
0.013861
0.0118793
0.00983323
0.00773332
0.00559015
0.00341449
0.00121726
-0.000990461
-0.00319745
-0.00539236
-0.00756372
-0.00969999
-0.0117895
-0.0138206
-0.0157817
-0.0176609
-0.0194469
-0.021128
-0.0226931
-0.0241312
-0.0254316
-0.026584
-0.0275788
-0.0284067
-0.0290593
-0.0295291
-0.0298095
-0.0298948
-0.0297807
-0.0294643
-0.0289442
-0.0282206
-0.0272957
-0.0261739
-0.0248616
-0.0233679
-0.0217047
-0.0198868
-0.0179322
-0.0158628
-0.0137038
-0.0114849
-0.00924009
-0.0070079
-0.00483161
-0.00275911
-0.000845418
0.00112693
0.00355104
0.00608226
0.00866687
0.0112587
0.0138165
0.0163041
0.0186901
0.0209478
0.0230545
0.0249918
0.0267445
0.028301
0.0296522
0.0307921
0.0317166
0.0324238
0.0329139
0.0331882
0.0332497
0.0331028
0.0327525
0.0322051
0.0314676
0.0305476
0.0294534
0.0281937
0.0267777
0.0252152
0.0235159
0.0216902
0.0197486
0.0177018
0.0155608
0.0133368
0.0110413
0.00868576
0.00628206
0.00384214
0.00137814
-0.00109764
-0.00357274
-0.00603454
-0.0084703
-0.0108672
-0.0132123
-0.0154926
-0.0176951
-0.0198069
-0.0218151
-0.023707
-0.0254699
-0.0270917
-0.0285605
-0.0298648
-0.0309938
-0.0319373
-0.0326858
-0.0332308
-0.033565
-0.0336819
-0.0335767
-0.0332459
-0.0326878
-0.0319025
-0.0308921
-0.029661
-0.0282162
-0.026567
-0.0247259
-0.0227084
-0.0205336
-0.0182239
-0.0158057
-0.0133095
-0.0107701
-0.00822675
-0.00572315
-0.00330731
-0.00103391
0.00134149
0.00416959
0.00708085
0.0100223
0.0129483
0.0158177
0.0185942
0.0212465
0.0237475
0.0260744
0.0282084
0.0301342
0.0318399
0.0333164
0.0345577
0.0355597
0.0363209
0.0368415
0.0371234
0.0371701
0.0369863
0.0365779
0.0359518
0.0351157
0.0340782
0.0328484
0.0314359
0.029851
0.0281043
0.0262067
0.0241696
0.0220045
0.0197234
0.0173383
0.0148616
0.0123058
0.00968387
0.00700862
0.00429329
0.00155124
-0.00120396
-0.00395858
-0.00669873
-0.00941039
-0.0120794
-0.0146915
-0.0172324
-0.0196877
-0.0220432
-0.0242846
-0.0263979
-0.0283692
-0.0301849
-0.0318319
-0.0332975
-0.0345697
-0.0356371
-0.0364893
-0.0371167
-0.0375109
-0.037665
-0.0375733
-0.0372317
-0.0366382
-0.0357925
-0.0346968
-0.0333553
-0.0317751
-0.029966
-0.0279411
-0.0257163
-0.0233113
-0.0207494
-0.0180579
-0.015268
-0.0124152
-0.00953942
-0.00668474
-0.00389933
-0.00123768
0.00157123
0.00483143
0.00814837
0.0114698
0.0147503
0.0179492
0.0210302
0.0239619
0.0267172
0.0292733
0.031611
0.0337152
0.0355739
0.0371781
0.0385217
0.0396011
0.0404148
0.0409636
0.0412499
0.0412777
0.0410522
0.0405803
0.0398694
0.0389282
0.037766
0.036393
0.0348197
0.0330575
0.0311179
0.0290129
0.0267551
0.024357
0.0218318
0.0191925
0.0164529
0.0136266
0.0107276
0.00777014
0.00476859
0.00173759
-0.00130804
-0.00435328
-0.00738295
-0.0103817
-0.013334
-0.0162244
-0.019037
-0.0217563
-0.0243665
-0.0268521
-0.0291976
-0.0313877
-0.0334076
-0.0352428
-0.0368794
-0.038304
-0.039504
-0.0404679
-0.041185
-0.0416461
-0.0418432
-0.0417698
-0.0414215
-0.0407954
-0.039891
-0.0387101
-0.0372571
-0.0355389
-0.0335658
-0.0313508
-0.0289107
-0.0262656
-0.0234395
-0.0204604
-0.0173601
-0.0141749
-0.0109453
-0.00771572
-0.00453464
-0.0014565
0.00181589
0.00553587
0.00928382
0.013008
0.0166636
0.0202099
0.0236109
0.0268353
0.029856
0.0326501
0.0351988
0.0374868
0.0395022
0.0412362
0.0426831
0.0438395
0.0447044
0.045279
0.0455663
0.045571
0.045299
0.0447579
0.043956
0.0429029
0.041609
0.0400852
0.0383432
0.0363953
0.0342541
0.031933
0.0294452
0.0268048
0.0240259
0.0211228
0.0181103
0.0150034
0.0118171
0.00856709
0.00526885
0.0019383
-0.00140845
-0.00475511
-0.00808516
-0.0113819
-0.0146286
-0.0178082
-0.0209036
-0.0238979
-0.0267738
-0.0295144
-0.0321029
-0.0345225
-0.0367571
-0.0387906
-0.0406079
-0.0421942
-0.0435358
-0.0446197
-0.0454344
-0.0459693
-0.0462156
-0.046166
-0.0458151
-0.0451595
-0.0441983
-0.0429329
-0.0413673
-0.0395087
-0.0373671
-0.0349561
-0.0322926
-0.0293973
-0.0262947
-0.0230134
-0.0195859
-0.0160491
-0.0124441
-0.00881577
-0.00521294
-0.00169022
0.00207526
0.00628238
0.0104865
0.0146363
0.0186871
0.0225987
0.0263354
0.0298657
0.0331629
0.0362043
0.038971
0.0414481
0.043624
0.0454901
0.0470411
0.048274
0.0491886
0.0497864
0.0500713
0.0500485
0.049725
0.049109
0.0482099
0.0470382
0.0456053
0.043923
0.0420044
0.0398625
0.0375114
0.0349652
0.0322387
0.0293468
0.0263048
0.0231284
0.0198334
0.016436
0.0129527
0.00940004
0.00579495
0.00215459
-0.00150367
-0.00516222
-0.00880326
-0.0124087
-0.0159605
-0.0194402
-0.0228293
-0.0261094
-0.029262
-0.0322686
-0.0351108
-0.0377707
-0.0402303
-0.0424725
-0.0444805
-0.0462383
-0.0477306
-0.0489434
-0.0498636
-0.0504798
-0.0507818
-0.0507615
-0.0504126
-0.0497311
-0.0487152
-0.0473659
-0.0456871
-0.0436855
-0.0413713
-0.0387581
-0.0358631
-0.0327073
-0.0293158
-0.0257176
-0.0219459
-0.0180381
-0.0140359
-0.00998484
-0.00593414
-0.00193879
0.00234918
0.00707059
0.0117558
0.0163538
0.0208202
0.0251151
0.0292029
0.0330526
0.0366375
0.0399351
0.0429271
0.0455987
0.0479386
0.049939
0.0515948
0.0529039
0.0538664
0.0544847
0.0547635
0.0547089
0.0543286
0.053632
0.0526294
0.0513323
0.049753
0.0479048
0.0458016
0.0434576
0.0408881
0.0381083
0.0351341
0.0319817
0.0286676
0.0252087
0.0216219
0.0179246
0.0141346
0.0102696
0.00634787
0.00238775
-0.00159208
-0.00557273
-0.00953506
-0.0134597
-0.0173271
-0.0211175
-0.0248111
-0.0283879
-0.031828
-0.0351114
-0.0382183
-0.0411291
-0.0438246
-0.0462859
-0.0484949
-0.050434
-0.0520866
-0.0534372
-0.0544715
-0.0551766
-0.0555413
-0.0555564
-0.0552144
-0.0545106
-0.0534424
-0.0520103
-0.0502176
-0.0480708
-0.0455799
-0.0427584
-0.0396237
-0.0361972
-0.0325041
-0.0285741
-0.0244409
-0.0201425
-0.0157212
-0.0112232
-0.00669839
-0.00220224
0.00263759
0.00790029
0.0130914
0.0181602
0.0230625
0.0277586
0.0322132
0.0363955
0.0402792
0.0438423
0.0470666
0.0499379
0.0524456
0.0545823
0.0563437
0.0577281
0.0587367
0.0593728
0.0596417
0.0595507
0.0591084
0.0583253
0.0572127
0.0557833
0.0540505
0.0520287
0.0497329
0.0471788
0.0443825
0.0413607
0.0381303
0.0347087
0.0311136
0.0273631
0.0234754
0.0194692
0.0153632
0.0111765
0.00692862
0.00263913
-0.00167202
-0.00598464
-0.0102783
-0.0145322
-0.0187256
-0.0228372
-0.0268458
-0.03073
-0.0344684
-0.0380395
-0.0414219
-0.0445946
-0.0475367
-0.0502279
-0.0526483
-0.054779
-0.0566018
-0.0580996
-0.0592567
-0.0600589
-0.0604936
-0.0605504
-0.0602207
-0.0594987
-0.0583811
-0.0568674
-0.0549605
-0.0526663
-0.0499946
-0.0469589
-0.0435764
-0.0398686
-0.0358613
-0.0315844
-0.0270722
-0.0223634
-0.0175008
-0.0125315
-0.00750603
-0.00248068
0.00294045
0.00877138
0.0144932
0.0200553
0.0254138
0.030529
0.0353659
0.0398942
0.0440879
0.0479254
0.0513892
0.0544656
0.0571446
0.0594195
0.0612868
0.0627459
0.0637987
0.0644495
0.0647046
0.0645724
0.0640628
0.0631871
0.061958
0.0603893
0.0584957
0.0562927
0.0537966
0.0510242
0.047993
0.0447207
0.0412257
0.0375264
0.0336418
0.0295911
0.0253938
0.0210697
0.0166388
0.0121214
0.00753825
0.00291015
-0.00174171
-0.00639584
-0.0110305
-0.0156237
-0.020153
-0.0245961
-0.0289302
-0.0331324
-0.0371797
-0.0410493
-0.0447182
-0.0481638
-0.0513635
-0.0542954
-0.0569381
-0.0592708
-0.0612739
-0.0629287
-0.0642178
-0.0651256
-0.0656382
-0.0657434
-0.0654318
-0.0646961
-0.0635322
-0.0619386
-0.0599173
-0.0574739
-0.0546177
-0.0513617
-0.0477232
-0.0437238
-0.0393895
-0.0347505
-0.0298416
-0.0247023
-0.019376
-0.0139106
-0.00835763
-0.00277432
0.00325779
0.00968393
0.0159613
0.0220393
0.0278741
0.0334263
0.0386612
0.0435488
0.0480636
0.0521846
0.0558948
0.0591814
0.062035
0.06445
0.0664236
0.0679564
0.0690512
0.0697134
0.0699507
0.0697724
0.0691898
0.0682154
0.0668631
0.0651481
0.0630863
0.0606945
0.0579903
0.0549918
0.0517175
0.0481867
0.0444187
0.0404335
0.036251
0.0318918
0.0273764
0.022726
0.0179617
0.013105
0.00817784
0.00320226
-0.00179932
-0.00680415
-0.0117892
-0.0167311
-0.0216063
-0.0263908
-0.0310605
-0.0355911
-0.0399582
-0.0441371
-0.0481034
-0.0518328
-0.0553012
-0.058485
-0.0613608
-0.0639065
-0.0661004
-0.0679223
-0.0693532
-0.0703757
-0.0709741
-0.0711352
-0.0708478
-0.0701035
-0.0688968
-0.0672252
-0.06509
-0.0624958
-0.0594513
-0.0559693
-0.0520668
-0.0477654
-0.0430911
-0.0380746
-0.0327513
-0.027161
-0.0213483
-0.0153617
-0.00925394
-0.00308343
0.00358969
0.0106381
0.017496
0.0241125
0.0304439
0.036451
0.0420994
0.0473595
0.0522065
0.0566198
0.0605833
0.064085
0.0671165
0.0696731
0.0717533
0.0733584
0.0744929
0.0751632
0.0753783
0.0751488
0.0744874
0.073408
0.0719258
0.0700574
0.0678199
0.0652317
0.0623116
0.059079
0.0555538
0.0517565
0.0477076
0.0434284
0.03894
0.0342642
0.0294228
0.024438
0.0193321
0.0141279
0.00884842
0.00351692
-0.00184296
-0.00720726
-0.0125517
-0.0178516
-0.023082
-0.0282177
-0.033233
-0.0381023
-0.0427995
-0.0472984
-0.0515732
-0.0555976
-0.0593459
-0.0627927
-0.0659131
-0.0686827
-0.0710785
-0.0730781
-0.0746607
-0.0758073
-0.0765006
-0.0767253
-0.0764689
-0.0757214
-0.0744759
-0.0727289
-0.0704803
-0.0677341
-0.064498
-0.0607844
-0.05661
-0.0519962
-0.0469691
-0.0415597
-0.0358038
-0.0297419
-0.0234196
-0.0168863
-0.0101959
-0.00340835
0.00393626
0.0116342
0.0190976
0.0262753
0.0331236
0.0396036
0.045681
0.0513269
0.0565168
0.0612313
0.0654548
0.0691764
0.0723888
0.0750883
0.0772748
0.0789509
0.0801223
0.080797
0.0809853
0.0806993
0.0799531
0.0787622
0.0771432
0.0751141
0.0726936
0.0699013
0.0667576
0.0632831
0.0594992
0.0554275
0.05109
0.0465091
0.0417072
0.0367071
0.031532
0.0262051
0.0207501
0.0151906
0.00955099
0.00385562
-0.00187069
-0.00760277
-0.0133151
-0.0189818
-0.0245765
-0.0300728
-0.0354434
-0.0406614
-0.045699
-0.0505287
-0.0551227
-0.0594533
-0.0634929
-0.0672143
-0.0705906
-0.0735957
-0.0762045
-0.0783928
-0.0801379
-0.0814187
-0.0822159
-0.0825127
-0.0822946
-0.08155
-0.0802705
-0.078451
-0.0760903
-0.0731911
-0.0697605
-0.06581
-0.061356
-0.0564195
-0.0510267
-0.0452088
-0.039002
-0.0324477
-0.0255921
-0.0184861
-0.0111847
-0.00374951
0.00429766
0.0126727
0.0207667
0.0285285
0.0359141
0.0428848
0.0494068
0.0554515
0.0609953
0.0660193
0.0705094
0.0744553
0.0778513
0.0806948
0.0829871
0.0847324
0.0859377
0.0866128
0.0867693
0.0864212
0.0855841
0.0842749
0.082512
0.0803148
0.0777038
0.0746998
0.0713248
0.0676008
0.0635505
0.0591969
0.0545633
0.0496732
0.0445505
0.039219
0.033703
0.0280269
0.0222154
0.0162935
0.0102865
0.00421981
-0.0018805
-0.00798816
-0.0140764
-0.0201182
-0.026086
-0.0319517
-0.0376871
-0.0432634
-0.0486517
-0.0538226
-0.0587467
-0.0633947
-0.067737
-0.0717445
-0.0753885
-0.078641
-0.0814745
-0.083863
-0.0857816
-0.0872072
-0.0881184
-0.0884963
-0.0883244
-0.0875895
-0.0862811
-0.0843927
-0.0819216
-0.0788692
-0.0752416
-0.0710493
-0.0663082
-0.0610389
-0.0552675
-0.0490255
-0.0423494
-0.0352813
-0.0278686
-0.0201632
-0.0122216
-0.0041074
0.00467409
0.013754
0.0225042
0.0308729
0.0388163
0.0462957
0.0532776
0.0597341
0.0656423
0.0709844
0.0757471
0.0799216
0.0835034
0.0864916
0.0888889
0.0907011
0.0919371
0.092608
0.0927276
0.0923114
0.0913767
0.0899424
0.0880283
0.0856557
0.0828464
0.0796231
0.0760091
0.072028
0.0677039
0.0630611
0.0581242
0.052918
0.0474674
0.0417977
0.0359341
0.0299022
0.0237278
0.0174368
0.0110556
0.00461089
-0.0018704
-0.00836082
-0.0148325
-0.0212572
-0.027606
-0.0338499
-0.0399589
-0.0459031
-0.0516518
-0.0571742
-0.0624392
-0.0674156
-0.0720721
-0.0763776
-0.0803014
-0.0838132
-0.0868836
-0.0894843
-0.0915881
-0.0931696
-0.0942053
-0.0946741
-0.0945573
-0.0938394
-0.0925082
-0.0905552
-0.0879761
-0.0847708
-0.0809441
-0.0765056
-0.0714702
-0.0658582
-0.0596956
-0.0530136
-0.0458496
-0.0382463
-0.0302518
-0.0219198
-0.0133082
-0.00448256
0.0050658
0.0148787
0.0243108
0.0333097
0.0418314
0.0498374
0.0572946
0.0641757
0.0704588
0.0761269
0.0811681
0.085575
0.0893446
0.0924777
0.0949786
0.0968551
0.0981178
0.0987799
0.0988568
0.0983662
0.0973271
0.0957603
0.0936876
0.0911318
0.0881166
0.0846663
0.0808058
0.0765602
0.071955
0.0670159
0.0617688
0.0562399
0.0504551
0.0444409
0.0382236
0.0318299
0.0252865
0.0186205
0.0118592
0.0050302
-0.00183836
-0.00871806
-0.01558
-0.0223947
-0.0291322
-0.0357621
-0.0422533
-0.0485743
-0.054693
-0.060577
-0.0661934
-0.0715093
-0.0764915
-0.0811069
-0.0853226
-0.0891062
-0.0924261
-0.0952514
-0.0975527
-0.099302
-0.100474
-0.101044
-0.100991
-0.100299
-0.0989517
-0.0969393
-0.0942553
-0.0908981
-0.0868709
-0.0821822
-0.0768459
-0.0708816
-0.064315
-0.0571776
-0.0495068
-0.0413462
-0.0327451
-0.0237585
-0.0144461
-0.00487563
0.00547305
0.0160477
0.0261876
0.0358401
0.0449608
0.0535113
0.0614591
0.0687775
0.0754454
0.0814473
0.0867725
0.0914152
0.095374
0.0986516
0.101254
0.103192
0.104477
0.105125
0.105153
0.104581
0.10343
0.101724
0.0994844
0.0967377
0.0935088
0.0898238
0.0857092
0.0811918
0.0762984
0.0710563
0.0654927
0.0596347
0.0535098
0.0471454
0.0405689
0.033808
0.0268904
0.0198442
0.0126975
0.00547898
-0.00178236
-0.00905711
-0.0163153
-0.0235265
-0.0306596
-0.037683
-0.0445642
-0.0512705
-0.0577683
-0.0640236
-0.0700018
-0.0756682
-0.0809876
-0.0859248
-0.0904449
-0.094513
-0.0980952
-0.101158
-0.10367
-0.1056
-0.106919
-0.107602
-0.107625
-0.106967
-0.105611
-0.103545
-0.100761
-0.0972533
-0.093025
-0.0880827
-0.0824392
-0.0761134
-0.0691305
-0.0615219
-0.0533254
-0.0445853
-0.035352
-0.025682
-0.0156371
-0.00528728
0.00589617
0.0172617
0.0281359
0.0384655
0.048206
0.057319
0.0657725
0.0735406
0.0806032
0.0869461
0.0925602
0.0974415
0.10159
0.105012
0.107714
0.109708
0.111011
0.111638
0.111611
0.110951
0.109681
0.107826
0.105413
0.102467
0.0990163
0.0950889
0.0907128
0.0859164
0.0807281
0.0751766
0.0692902
0.0630976
0.0566273
0.0499076
0.0429671
0.0358344
0.0285382
0.0211073
0.0135709
0.00595833
-0.00170044
-0.00937513
-0.0170349
-0.0246482
-0.0321829
-0.0396064
-0.046885
-0.0539845
-0.0608699
-0.0675058
-0.0738559
-0.0798834
-0.0855514
-0.0908226
-0.0956596
-0.100025
-0.103883
-0.107197
-0.109933
-0.112057
-0.113537
-0.114345
-0.114454
-0.113841
-0.112486
-0.110373
-0.107493
-0.103838
-0.0994088
-0.0942104
-0.0882542
-0.0815581
-0.0741467
-0.0660513
-0.0573101
-0.0479678
-0.0380763
-0.0276936
-0.0168834
-0.00571827
0.00633549
0.0185215
0.0301569
0.0411876
0.0515688
0.0612622
0.0702364
0.0784663
0.0859331
0.0926239
0.0985313
0.103653
0.107992
0.111556
0.114354
0.116401
0.117715
0.118316
0.118226
0.117469
0.116072
0.114061
0.111465
0.108312
0.104631
0.100454
0.0958089
0.0907266
0.0852369
0.0793698
0.0731552
0.0666228
0.0598022
0.052723
0.0454145
0.0379063
0.0302279
0.0224089
0.0144792
0.00646915
-0.00159071
-0.00966923
-0.0177347
-0.0257548
-0.0336965
-0.0415259
-0.0492083
-0.0567082
-0.0639894
-0.0710146
-0.0777462
-0.0841454
-0.0901733
-0.0957904
-0.100957
-0.105634
-0.109781
-0.11336
-0.116334
-0.118666
-0.120321
-0.121267
-0.121475
-0.120918
-0.119573
-0.117422
-0.114452
-0.110654
-0.106025
-0.100569
-0.0942949
-0.0872203
-0.0793687
-0.0707711
-0.0614659
-0.0514986
-0.0409222
-0.0297963
-0.0181869
-0.00616941
0.00679142
0.0198283
0.0322522
0.0440081
0.055051
0.0653428
0.0748526
0.0835561
0.091436
0.0984809
0.104685
0.11005
0.114578
0.118281
0.121171
0.123266
0.124585
0.125152
0.124991
0.124129
0.122596
0.12042
0.117632
0.114263
0.110345
0.10591
0.100989
0.0956137
0.0898163
0.0836281
0.0770802
0.0702035
0.0630287
0.0555863
0.0479067
0.0400201
0.0319569
0.0237474
0.0154222
0.00701216
-0.00145135
-0.00993654
-0.018411
-0.0268415
-0.0351943
-0.0434344
-0.0515262
-0.059433
-0.0671171
-0.07454
-0.0816622
-0.0884432
-0.0948421
-0.100817
-0.106326
-0.111327
-0.115778
-0.119638
-0.122864
-0.125419
-0.127263
-0.128362
-0.128682
-0.128194
-0.126871
-0.124692
-0.121639
-0.117702
-0.112876
-0.107161
-0.100565
-0.0931047
-0.0848016
-0.0756866
-0.0657982
-0.0551826
-0.043894
-0.0319938
-0.0195502
-0.00664159
0.00726438
0.0211832
0.0344233
0.046929
0.0586548
0.0695629
0.0796228
0.0888115
0.0971129
0.104518
0.111022
0.116629
0.121346
0.125185
0.128162
0.130297
0.131614
0.132139
0.131898
0.130923
0.129244
0.126894
0.123905
0.120312
0.116148
0.111447
0.106242
0.100568
0.0944569
0.0879424
0.0810567
0.0738319
0.0662996
0.0584915
0.0504385
0.0421718
0.0337223
0.0251209
0.016399
0.0075878
-0.00128069
-0.0101741
-0.0190595
-0.0279029
-0.0366698
-0.0453245
-0.0538302
-0.0621494
-0.0702429
-0.0780709
-0.0855922
-0.0927647
-0.0995453
-0.10589
-0.111754
-0.117094
-0.121863
-0.126017
-0.129513
-0.132306
-0.134356
-0.135623
-0.13607
-0.135664
-0.134376
-0.132178
-0.129052
-0.124984
-0.119963
-0.11399
-0.10707
-0.0992161
-0.0904506
-0.0808033
-0.0703126
-0.0590252
-0.0469965
-0.0342898
-0.0209758
-0.00713574
0.00775485
0.0225873
0.0366721
0.0499525
0.0623825
0.0739247
0.0845491
0.094234
0.102965
0.110734
0.117541
0.12339
0.128293
0.132263
0.135321
0.13749
0.138797
0.139269
0.13894
0.13784
0.136006
0.133471
0.130273
0.126446
0.122027
0.117052
0.111557
0.105578
0.0991477
0.0923023
0.0850749
0.0774989
0.0696069
0.0614312
0.0530038
0.0443562
0.0355201
0.026527
0.0174084
0.0081962
-0.00107726
-0.0103792
-0.019676
-0.0289335
-0.0381163
-0.047188
-0.0561112
-0.064847
-0.0733554
-0.0815952
-0.0895235
-0.0970965
-0.104269
-0.110995
-0.117228
-0.122919
-0.128021
-0.132486
-0.136267
-0.139316
-0.141588
-0.14304
-0.143631
-0.143323
-0.142082
-0.139879
-0.136691
-0.132497
-0.127288
-0.121058
-0.113812
-0.105559
-0.0963213
-0.0861271
-0.0750149
-0.0630319
-0.0502347
-0.0366884
-0.0224662
-0.00765289
0.00826336
0.0240421
0.0390006
0.0530809
0.0662368
0.0784307
0.0896337
0.0998253
0.108993
0.117131
0.124241
0.130331
0.135416
0.139512
0.142644
0.144838
0.146124
0.146534
0.146105
0.144871
0.14287
0.140141
0.136722
0.132652
0.12797
0.122714
0.116921
0.11063
0.103876
0.0966958
0.0891237
0.0811942
0.072941
0.0643972
0.0555953
0.0465676
0.037346
0.0279624
0.0184487
0.00883712
-0.000839782
-0.0105489
-0.0202564
-0.0299275
-0.0395264
-0.0490164
-0.058359
-0.0675147
-0.0764424
-0.0850994
-0.0934418
-0.101424
-0.108998
-0.116117
-0.12273
-0.128787
-0.134238
-0.13903
-0.143112
-0.146434
-0.148947
-0.150602
-0.151354
-0.151161
-0.149984
-0.147791
-0.144551
-0.140243
-0.134851
-0.128369
-0.120794
-0.112138
-0.102419
-0.091664
-0.0799113
-0.0672087
-0.0536139
-0.0391938
-0.0240245
-0.00819412
0.00879048
0.0255491
0.041411
0.0563169
0.0702202
0.0830836
0.0948789
0.105587
0.115197
0.123707
0.131121
0.137449
0.14271
0.146926
0.150123
0.152331
0.153586
0.153924
0.153382
0.152001
0.149823
0.146888
0.143238
0.138916
0.133961
0.128416
0.122319
0.115711
0.108628
0.10111
0.0931904
0.0849062
0.0762915
0.0673801
0.0582051
0.0487991
0.0391945
0.0294233
0.0195177
0.00950992
-0.000567245
-0.0106806
-0.0207961
-0.0308788
-0.0408927
-0.0508004
-0.0605631
-0.0701404
-0.0794903
-0.0885692
-0.0973315
-0.10573
-0.113715
-0.121237
-0.128244
-0.134681
-0.140495
-0.14563
-0.150033
-0.153647
-0.156419
-0.158296
-0.159229
-0.15917
-0.158075
-0.155906
-0.152629
-0.148218
-0.142653
-0.135922
-0.128022
-0.118959
-0.108749
-0.0974199
-0.0850081
-0.0715617
-0.0571396
-0.0418107
-0.0256537
-0.0087606
0.00933685
0.02711
0.0439057
0.0596634
0.074336
0.0878863
0.100287
0.111521
0.12158
0.130463
0.138179
0.144742
0.150173
0.154499
0.15775
0.159962
0.161174
0.161425
0.160758
0.159218
0.156849
0.153697
0.149805
0.145219
0.139984
0.134141
0.127734
0.120803
0.113388
0.105528
0.0972607
0.0886215
0.0796461
0.0703689
0.0608235
0.0510428
0.0410592
0.030905
0.0206124
0.0102135
-0.000258965
-0.0107718
-0.0212909
-0.0317814
-0.0422071
-0.0525304
-0.062712
-0.0727111
-0.0824849
-0.0919887
-0.101176
-0.109997
-0.118402
-0.126337
-0.133749
-0.14058
-0.146773
-0.152269
-0.15701
-0.160935
-0.163987
-0.166108
-0.167242
-0.167337
-0.166344
-0.164218
-0.160921
-0.156421
-0.150692
-0.14372
-0.135496
-0.126024
-0.115317
-0.103401
-0.0903118
-0.0760974
-0.0608177
-0.0445437
-0.0273571
-0.00935357
0.0099032
0.0287266
0.0464875
0.0631237
0.0785874
0.092842
0.105861
0.117629
0.128141
0.137398
0.145413
0.152204
0.157797
0.162223
0.165517
0.16772
0.168874
0.169024
0.168219
0.166505
0.163932
0.160549
0.156404
0.151545
0.146019
0.139872
0.133147
0.125889
0.118138
0.109936
0.101319
0.0923254
0.0829914
0.0733517
0.0634401
0.0532897
0.042933
0.0324022
0.0217292
0.0109461
8.53717e-05
-0.0108201
-0.0217365
-0.0326289
-0.0434614
-0.0541961
-0.0647937
-0.075213
-0.0854106
-0.0953409
-0.104956
-0.114206
-0.123037
-0.131395
-0.139223
-0.146461
-0.153049
-0.158924
-0.164022
-0.168279
-0.171633
-0.174019
-0.175378
-0.17565
-0.17478
-0.172718
-0.169419
-0.164846
-0.158967
-0.151762
-0.143219
-0.133338
-0.122128
-0.109614
-0.0958292
-0.0808225
-0.0646545
-0.0473982
-0.0291381
-0.00997437
0.0104903
0.030401
0.0491593
0.0667012
0.0829783
0.0979541
0.111604
0.123914
0.13488
0.144511
0.152821
0.159833
0.165578
0.170091
0.173414
0.175592
0.176673
0.176707
0.175746
0.173843
0.171052
0.167425
0.163014
0.157871
0.152045
0.145585
0.138538
0.130948
0.122859
0.114312
0.105347
0.0960012
0.0863121
0.0763146
0.0660427
0.0555296
0.0448075
0.0339083
0.0228638
0.0117056
0.000465655
-0.0108235
-0.0221285
-0.0334149
-0.0446468
-0.0557868
-0.0667955
-0.0776313
-0.0882507
-0.0986072
-0.108652
-0.118334
-0.127598
-0.136388
-0.144643
-0.152302
-0.1593
-0.16557
-0.171045
-0.175656
-0.179334
-0.182011
-0.183618
-0.184091
-0.183369
-0.181394
-0.178115
-0.173487
-0.167474
-0.160048
-0.151194
-0.140905
-0.129188
-0.116064
-0.101567
-0.0857441
-0.0686565
-0.0503794
-0.0310005
-0.0106244
0.0110991
0.0321356
0.0519245
0.0703999
0.0875127
0.103227
0.117518
0.130376
0.1418
0.151801
0.160399
0.167622
0.173507
0.178093
0.181429
0.183565
0.184555
0.184454
0.183321
0.181213
0.178187
0.174301
0.169611
0.164173
0.158038
0.151258
0.143882
0.135956
0.127527
0.118636
0.109324
0.0996305
0.0895914
0.0792426
0.0686181
0.0577509
0.0466731
0.0354162
0.0240111
0.012489
0.00088129
-0.0107803
-0.022463
-0.0341329
-0.0457547
-0.0572913
-0.0687037
-0.0799503
-0.0909874
-0.101768
-0.112243
-0.122359
-0.132061
-0.141289
-0.149982
-0.158073
-0.165497
-0.172181
-0.178053
-0.18304
-0.187067
-0.190058
-0.191941
-0.192643
-0.192095
-0.190233
-0.186998
-0.182337
-0.176208
-0.168576
-0.159419
-0.148727
-0.136501
-0.122759
-0.107533
-0.0908696
-0.0728306
-0.0534932
-0.0329483
-0.0113053
0.0117306
0.033933
0.0547871
0.0742244
0.0921952
0.108664
0.123607
0.137018
0.1489
0.159267
0.168144
0.175567
0.181575
0.186218
0.189548
0.191622
0.192501
0.192247
0.190922
0.188589
0.185312
0.181153
0.176171
0.170425
0.163971
0.156863
0.149154
0.14089
0.13212
0.122886
0.113231
0.103193
0.0928105
0.0821186
0.0711512
0.059941
0.0485194
0.0369172
0.025165
0.0132928
0.00133114
-0.010689
-0.0227358
-0.0347763
-0.0467758
-0.058698
-0.0705043
-0.0821535
-0.0936018
-0.104802
-0.115705
-0.126256
-0.136398
-0.146071
-0.15521
-0.163746
-0.17161
-0.178725
-0.185015
-0.190401
-0.194802
-0.198136
-0.200323
-0.201283
-0.200939
-0.199219
-0.196055
-0.191387
-0.185163
-0.177343
-0.167896
-0.156807
-0.144072
-0.129705
-0.113734
-0.0962066
-0.0771842
-0.0567458
-0.0349859
-0.0120186
0.0123859
0.0357962
0.0577511
0.0781797
0.097031
0.11427
0.129876
0.143843
0.15618
0.166906
0.176052
0.183658
0.189774
0.194452
0.197755
0.199746
0.200492
0.200062
0.198524
0.195947
0.192401
0.187951
0.182663
0.176598
0.169816
0.162373
0.154325
0.145721
0.136609
0.127035
0.117041
0.106666
0.0959491
0.0849243
0.0736257
0.0620854
0.0503342
0.0384021
0.0263184
0.0141125
0.00181347
-0.0105487
-0.0229434
-0.0353387
-0.047701
-0.059995
-0.0721826
-0.0842235
-0.0960741
-0.107688
-0.119014
-0.129998
-0.140582
-0.150703
-0.160296
-0.169288
-0.177605
-0.18517
-0.191898
-0.197707
-0.202508
-0.206214
-0.208736
-0.209986
-0.209878
-0.208332
-0.20527
-0.200623
-0.194331
-0.186344
-0.176623
-0.165146
-0.151905
-0.136907
-0.120178
-0.101763
-0.0817249
-0.0601438
-0.0371177
-0.0127661
0.0130663
0.0377287
0.0608216
0.0822713
0.102026
0.12005
0.136326
0.150852
0.16364
0.174715
0.184116
0.191889
0.19809
0.202782
0.206034
0.207916
0.208504
0.207873
0.206099
0.203258
0.199423
0.194665
0.189055
0.182659
0.175539
0.167756
0.159364
0.150418
0.140967
0.131056
0.12073
0.110026
0.0989846
0.0876393
0.0760235
0.0641686
0.0521045
0.0398601
0.0274636
0.0149429
0.00232588
-0.010359
-0.0230824
-0.0358138
-0.048521
-0.0611698
-0.0737234
-0.0861421
-0.0983832
-0.1104
-0.122142
-0.133556
-0.14458
-0.155153
-0.165205
-0.174662
-0.183447
-0.191477
-0.198665
-0.204921
-0.21015
-0.214258
-0.217147
-0.218722
-0.218886
-0.21755
-0.214625
-0.210032
-0.203701
-0.195571
-0.185597
-0.173746
-0.160003
-0.144371
-0.126872
-0.107548
-0.0864612
-0.0636943
-0.0393487
-0.0135498
0.0137734
0.0397341
0.0640039
0.0865056
0.107186
0.126011
0.142964
0.158048
0.17128
0.182693
0.19233
0.200248
0.206511
0.21119
0.214362
0.216108
0.216511
0.215653
0.213618
0.210488
0.206343
0.20126
0.195313
0.188573
0.181106
0.172975
0.164238
0.15495
0.145161
0.13492
0.124268
0.113246
0.101893
0.0902416
0.078325
0.0661734
0.0538158
0.0412795
0.0285915
0.0157779
0.00286528
-0.0101198
-0.0231496
-0.0361954
-0.0492265
-0.0622101
-0.075111
-0.0878907
-0.100507
-0.112915
-0.125064
-0.136899
-0.148361
-0.159384
-0.169899
-0.17983
-0.189095
-0.197607
-0.205274
-0.212002
-0.217688
-0.22223
-0.225522
-0.227458
-0.227934
-0.226846
-0.224097
-0.219595
-0.213259
-0.205018
-0.194814
-0.182606
-0.168371
-0.152105
-0.133824
-0.113569
-0.0914016
-0.0674049
-0.0416845
-0.0143718
0.0145088
0.0418171
0.0673045
0.09089
0.112519
0.132158
0.149794
0.165434
0.1791
0.190833
0.200686
0.208724
0.21502
0.219656
0.222718
0.224296
0.224482
0.223367
0.221044
0.2176
0.213123
0.207696
0.201397
0.1943
0.186477
0.177993
0.168908
0.159279
0.149158
0.138592
0.127625
0.116298
0.104648
0.0927073
0.0805089
0.0680813
0.0554522
0.0426474
0.0296921
0.0166107
0.00342783
-0.00983182
-0.0231426
-0.0364776
-0.0498081
-0.0631033
-0.0763295
-0.0894498
-0.102424
-0.115206
-0.127749
-0.139996
-0.151888
-0.16336
-0.17434
-0.184749
-0.194504
-0.203514
-0.211681
-0.218905
-0.225077
-0.230086
-0.233818
-0.236156
-0.236985
-0.236189
-0.233659
-0.229291
-0.22299
-0.214671
-0.204267
-0.191724
-0.17701
-0.160112
-0.141043
-0.119837
-0.0965556
-0.0712838
-0.0441307
-0.0152344
0.0152746
0.0439826
0.0707305
0.0954327
0.118033
0.138499
0.156821
0.17301
0.187098
0.199132
0.209175
0.217303
0.2236
0.228158
0.231074
0.232449
0.232384
0.230981
0.22834
0.224556
0.219723
0.213931
0.207263
0.199799
0.191611
0.182769
0.173335
0.163367
0.152919
0.142038
0.130769
0.119151
0.107221
0.095011
0.0825524
0.0698723
0.0569967
0.0439497
0.0307544
0.0174334
0.0040089
-0.00949645
-0.0230593
-0.036655
-0.0502571
-0.0638368
-0.0773627
-0.0907996
-0.104109
-0.117247
-0.130166
-0.142812
-0.155126
-0.167041
-0.178484
-0.189376
-0.199629
-0.20915
-0.217836
-0.225581
-0.232268
-0.237779
-0.24199
-0.244773
-0.246
-0.245545
-0.243283
-0.239095
-0.232873
-0.224518
-0.213948
-0.201097
-0.185922
-0.1684
-0.148536
-0.126361
-0.101933
-0.0753401
-0.046694
-0.0161402
0.0160729
0.0462365
0.0742902
0.100143
0.123738
0.145042
0.164051
0.180781
0.195273
0.207583
0.217786
0.225969
0.232229
0.236669
0.2394
0.240533
0.24018
0.238453
0.235461
0.231309
0.226096
0.219919
0.212866
0.205021
0.196461
0.187257
0.177475
0.167173
0.156405
0.145221
0.133663
0.121772
0.109582
0.0971256
0.0844312
0.071525
0.0584309
0.0451711
0.0317664
0.0182371
0.00460305
-0.00911568
-0.0228982
-0.0367225
-0.0505646
-0.0643982
-0.0781944
-0.0919202
-0.105539
-0.11901
-0.132285
-0.145313
-0.158034
-0.170383
-0.182285
-0.19366
-0.204418
-0.214462
-0.223685
-0.231974
-0.239207
-0.245256
-0.249986
-0.253259
-0.254935
-0.254871
-0.25293
-0.248976
-0.242884
-0.23454
-0.223845
-0.21072
-0.195106
-0.176972
-0.156311
-0.13315
-0.107545
-0.0795834
-0.0493812
-0.017092
0.0169065
0.0485857
0.0779931
0.105032
0.129643
0.151796
0.171489
0.188748
0.203621
0.216178
0.226505
0.234703
0.240882
0.245161
0.247661
0.248508
0.247826
0.245738
0.242361
0.237809
0.232191
0.225607
0.218153
0.209916
0.200977
0.19141
0.181281
0.170652
0.159575
0.148101
0.136272
0.124127
0.1117
0.0990223
0.0861198
0.0730169
0.0597355
0.0462954
0.0327152
0.0190123
0.00520402
-0.00869227
-0.0226586
-0.0366756
-0.0507224
-0.0647755
-0.0788085
-0.0927915
-0.10669
-0.120466
-0.134073
-0.147461
-0.160573
-0.173342
-0.185695
-0.197551
-0.208817
-0.219393
-0.229169
-0.238025
-0.245833
-0.252455
-0.257748
-0.261559
-0.263736
-0.264121
-0.262559
-0.258898
-0.252995
-0.244716
-0.233945
-0.220585
-0.204563
-0.185832
-0.164378
-0.140217
-0.113404
-0.0840244
-0.0522004
-0.0180929
0.0177784
0.0510379
0.0818503
0.110112
0.135762
0.158771
0.179143
0.196913
0.212141
0.224908
0.235317
0.243482
0.249531
0.253597
0.255818
0.256331
0.255275
0.252783
0.248984
0.244002
0.237951
0.23094
0.223069
0.21443
0.205107
0.195176
0.184705
0.173756
0.162384
0.150636
0.138556
0.12618
0.113543
0.100671
0.0875912
0.0743243
0.06089
0.0473055
0.0335867
0.0197484
0.00580476
-0.00822976
-0.0223402
-0.0365106
-0.0507229
-0.0649569
-0.0791895
-0.0933936
-0.107538
-0.121586
-0.135497
-0.14922
-0.1627
-0.175872
-0.188665
-0.200994
-0.212768
-0.223883
-0.234225
-0.243669
-0.252081
-0.259313
-0.265211
-0.269611
-0.272346
-0.273241
-0.272123
-0.268821
-0.263171
-0.25502
-0.24423
-0.230683
-0.214289
-0.194985
-0.172743
-0.147573
-0.119521
-0.0886752
-0.0551601
-0.0191464
0.0186922
0.0536023
0.0858744
0.115397
0.142107
0.165977
0.18702
0.205278
0.220826
0.233761
0.244201
0.25228
0.258143
0.261939
0.263824
0.263951
0.262471
0.259532
0.255273
0.249826
0.243316
0.235857
0.227554
0.218504
0.208793
0.1985
0.187694
0.176437
0.164784
0.152782
0.140474
0.127894
0.115075
0.102041
0.0888177
0.0754227
0.061873
0.0481833
0.0343665
0.0204341
0.00639744
-0.00773246
-0.0219439
-0.0362243
-0.0505591
-0.0649317
-0.0793221
-0.0937071
-0.108059
-0.122344
-0.136523
-0.15055
-0.164372
-0.177926
-0.191141
-0.203933
-0.216209
-0.227866
-0.238785
-0.248836
-0.257878
-0.265756
-0.272304
-0.277346
-0.280697
-0.282168
-0.281565
-0.278696
-0.273373
-0.26542
-0.254676
-0.241
-0.224279
-0.204433
-0.181417
-0.15523
-0.125912
-0.0935487
-0.0582701
-0.0202566
0.0196521
0.0562895
0.0900802
0.120904
0.148694
0.173429
0.195126
0.213843
0.22967
0.242721
0.253135
0.261066
0.266677
0.27014
0.271627
0.27131
0.269354
0.26592
0.26116
0.255216
0.248219
0.240291
0.231543
0.222074
0.211975
0.201324
0.190192
0.178642
0.166727
0.154495
0.141984
0.12923
0.116261
0.103101
0.0897708
0.0762868
0.0626629
0.0489104
0.0350391
0.0210576
0.00697349
-0.00720545
-0.0214712
-0.0358147
-0.0502251
-0.0646896
-0.0791922
-0.0937133
-0.108229
-0.122709
-0.137119
-0.151415
-0.165547
-0.179455
-0.193069
-0.206307
-0.219078
-0.231274
-0.242776
-0.253449
-0.263146
-0.271704
-0.278947
-0.284684
-0.288715
-0.290833
-0.290821
-0.288465
-0.283552
-0.275879
-0.265256
-0.251518
-0.234526
-0.214177
-0.190407
-0.163201
-0.132591
-0.0986597
-0.0615415
-0.0214279
0.0206631
0.059112
0.0944847
0.12665
0.155541
0.181138
0.20347
0.222609
0.238663
0.25177
0.26209
0.2698
0.275089
0.278147
0.279169
0.278344
0.275855
0.271877
0.266574
0.260097
0.252587
0.244172
0.234967
0.225075
0.214588
0.203587
0.192143
0.180318
0.168164
0.155726
0.143044
0.130148
0.117066
0.103818
0.0904218
0.0768914
0.0632373
0.0494677
0.035589
0.0216063
0.00752375
-0.00665458
-0.0209244
-0.0352804
-0.0497159
-0.0642219
-0.0787867
-0.0933946
-0.108026
-0.122655
-0.137251
-0.151775
-0.16618
-0.180409
-0.194394
-0.208057
-0.221306
-0.234035
-0.246121
-0.257428
-0.267802
-0.277072
-0.285052
-0.291539
-0.296316
-0.299154
-0.299817
-0.298063
-0.293652
-0.28635
-0.275937
-0.262216
-0.24502
-0.224217
-0.199722
-0.1715
-0.139575
-0.104025
-0.0649868
-0.0226655
0.0217309
0.0620843
0.0991077
0.132659
0.162667
0.18912
0.212058
0.231573
0.247794
0.260885
0.271032
0.278441
0.283323
0.285898
0.28638
0.28498
0.281897
0.277323
0.271433
0.26439
0.256342
0.247422
0.237751
0.227434
0.216565
0.205226
0.193487
0.181408
0.169042
0.156431
0.14361
0.13061
0.117454
0.10416
0.0907421
0.0772111
0.0635742
0.0498363
0.0360003
0.0220675
0.00803851
-0.00608638
-0.0203068
-0.0346214
-0.0490277
-0.063521
-0.0780938
-0.0927353
-0.10743
-0.122157
-0.13689
-0.151595
-0.166229
-0.180739
-0.195061
-0.209121
-0.222826
-0.236073
-0.24874
-0.260686
-0.271754
-0.281766
-0.290525
-0.297816
-0.303405
-0.307043
-0.308469
-0.307414
-0.303606
-0.296779
-0.286676
-0.273066
-0.255745
-0.23455
-0.209368
-0.180143
-0.146883
-0.109662
-0.0686203
-0.0239753
0.0228626
0.0652235
0.103972
0.138954
0.170094
0.19739
0.220898
0.240731
0.257046
0.270036
0.27992
0.286933
0.291318
0.293321
0.293182
0.291133
0.287394
0.28217
0.27565
0.268007
0.259398
0.24996
0.239817
0.229078
0.217838
0.206176
0.194164
0.181859
0.169311
0.156561
0.143641
0.130577
0.117391
0.104096
0.0907037
0.0772212
0.0636521
0.0499976
0.0362571
0.0224282
0.00850773
-0.00550798
-0.0196225
-0.0338387
-0.0481582
-0.0625809
-0.0771039
-0.091721
-0.106422
-0.121191
-0.136006
-0.150839
-0.165652
-0.180397
-0.195015
-0.209434
-0.223568
-0.237313
-0.250548
-0.263132
-0.274905
-0.285683
-0.29526
-0.303408
-0.309877
-0.314396
-0.31668
-0.316429
-0.313338
-0.307101
-0.297424
-0.284032
-0.266681
-0.245171
-0.219353
-0.189145
-0.154537
-0.115593
-0.0724584
-0.0253642
0.0240662
0.0685496
0.109106
0.145563
0.177848
0.205967
0.229996
0.250076
0.266396
0.279187
0.288702
0.295214
0.298999
0.300333
0.299485
0.29671
0.292248
0.28632
0.279129
0.270856
0.261664
0.251698
0.241084
0.229931
0.218333
0.206371
0.194113
0.181614
0.16892
0.156071
0.143094
0.130012
0.116842
0.103596
0.0902801
0.0768982
0.0634503
0.0499338
0.0363443
0.0226758
0.0089212
-0.00492705
-0.0188766
-0.0329344
-0.0471067
-0.0613976
-0.0758092
-0.0903403
-0.104986
-0.119735
-0.134573
-0.149475
-0.164411
-0.179338
-0.194202
-0.208937
-0.223461
-0.237675
-0.251458
-0.264673
-0.277155
-0.288717
-0.299145
-0.3082
-0.315615
-0.321099
-0.32434
-0.325005
-0.322754
-0.317238
-0.308118
-0.295071
-0.277804
-0.256071
-0.229683
-0.198524
-0.162559
-0.121843
-0.0765201
-0.0268403
0.0253515
0.0720867
0.114539
0.15252
0.185956
0.214866
0.239354
0.259594
0.275815
0.28829
0.297316
0.303207
0.306277
0.306837
0.305187
0.301605
0.296353
0.289667
0.281764
0.272834
0.263046
0.252548
0.241467
0.229913
0.21798
0.205745
0.193273
0.180618
0.167821
0.154916
0.141929
0.128879
0.115777
0.102632
0.0894468
0.0762205
0.0629497
0.0496281
0.0362474
0.022798
0.00926877
-0.0043516
-0.0180748
-0.0319121
-0.0458739
-0.0599692
-0.0742046
-0.0885843
-0.103108
-0.117773
-0.132567
-0.147475
-0.16247
-0.177518
-0.192572
-0.20757
-0.222438
-0.237081
-0.251384
-0.26521
-0.278396
-0.290751
-0.302057
-0.312064
-0.320489
-0.327022
-0.331322
-0.333025
-0.331748
-0.327099
-0.318684
-0.306126
-0.289077
-0.267235
-0.240361
-0.208296
-0.170975
-0.128438
-0.0808278
-0.028413
0.0267302
0.0758627
0.120309
0.159861
0.194448
0.224107
0.248975
0.269268
0.285264
0.297287
0.305686
0.31082
0.31305
0.312722
0.310169
0.305697
0.299587
0.292094
0.283443
0.273834
0.263441
0.252413
0.240879
0.228946
0.216706
0.204233
0.191588
0.17882
0.165966
0.153057
0.140112
0.127146
0.114168
0.10118
0.0881821
0.075169
0.0621336
0.0490657
0.0359535
0.0227833
0.00954067
-0.00378984
-0.0172238
-0.0307765
-0.0444628
-0.058296
-0.072288
-0.0864478
-0.100781
-0.11529
-0.129971
-0.144813
-0.159798
-0.174899
-0.190077
-0.205277
-0.220433
-0.235455
-0.250237
-0.264644
-0.278517
-0.291666
-0.303867
-0.314863
-0.324358
-0.332021
-0.337486
-0.340352
-0.340196
-0.336571
-0.32903
-0.31713
-0.300458
-0.278644
-0.251389
-0.218481
-0.179816
-0.135411
-0.0854074
-0.0300936
0.0282163
0.0799114
0.126459
0.16763
0.203357
0.233706
0.258852
0.279068
0.294691
0.306104
0.313717
0.317945
0.319195
0.317858
0.314299
0.308852
0.30182
0.293472
0.284044
0.273742
0.262744
0.251198
0.239232
0.22695
0.214441
0.201772
0.189002
0.176172
0.163315
0.150456
0.137611
0.124788
0.111991
0.0992196
0.0864681
0.073728
0.060988
0.0482343
0.0354513
0.0226218
0.00972776
-0.00324996
-0.0163307
-0.0295337
-0.042878
-0.0563813
-0.0700603
-0.0839293
-0.0979997
-0.112279
-0.126771
-0.141472
-0.156371
-0.17145
-0.186677
-0.202008
-0.217383
-0.232725
-0.247931
-0.262878
-0.277409
-0.291337
-0.304438
-0.31645
-0.327066
-0.335937
-0.34267
-0.346831
-0.347949
-0.345525
-0.339046
-0.327997
-0.311887
-0.290267
-0.262763
-0.229097
-0.189114
-0.142799
-0.0902898
-0.0318955
0.0298268
0.0842728
0.13304
0.175875
0.21272
0.243676
0.268975
0.288955
0.304026
0.314647
0.321295
0.324449
0.324571
0.322096
0.317425
0.310921
0.302907
0.293664
0.283439
0.272441
0.260847
0.248806
0.23644
0.223851
0.211118
0.198306
0.185465
0.172631
0.159832
0.147085
0.1344
0.121781
0.109228
0.0967349
0.0842916
0.0718859
0.0595026
0.0471243
0.034732
0.0223051
0.0098219
-0.0027399
-0.0154032
-0.0281911
-0.0411264
-0.0542312
-0.0675266
-0.081032
-0.0947644
-0.108738
-0.122962
-0.13744
-0.152172
-0.167145
-0.182338
-0.197719
-0.213236
-0.228822
-0.244387
-0.259814
-0.274958
-0.289636
-0.303628
-0.316668
-0.328444
-0.338592
-0.346694
-0.352281
-0.354837
-0.353805
-0.348597
-0.338619
-0.323288
-0.302063
-0.274474
-0.240162
-0.198905
-0.150647
-0.0955118
-0.0338348
0.0315824
0.0889954
0.140111
0.18465
0.222573
0.254029
0.27932
0.29887
0.313181
0.322797
0.328278
0.330174
0.329007
0.325262
0.319375
0.311738
0.302689
0.292524
0.281494
0.269808
0.257643
0.245142
0.232422
0.219576
0.206678
0.193785
0.180937
0.168165
0.155489
0.142919
0.130461
0.118113
0.105869
0.0937174
0.0816455
0.0696365
0.0576717
0.0457303
0.0337899
0.0218268
0.00981636
-0.00226704
-0.0144495
-0.0267573
-0.039217
-0.0518546
-0.0646955
-0.0777638
-0.091082
-0.10467
-0.118544
-0.132716
-0.147191
-0.161969
-0.177039
-0.192377
-0.207945
-0.223688
-0.239529
-0.255364
-0.271057
-0.286437
-0.301291
-0.315355
-0.328315
-0.339795
-0.349357
-0.356501
-0.360663
-0.361223
-0.357519
-0.348863
-0.334566
-0.313973
-0.286504
-0.251692
-0.20923
-0.159004
-0.101117
-0.0359314
0.0335087
0.0941373
0.147743
0.194019
0.232954
0.264765
0.289848
0.308734
0.322035
0.330403
0.334492
0.334931
0.33231
0.327161
0.319959
0.31112
0.300999
0.289898
0.27807
0.265723
0.253026
0.240116
0.227101
0.214065
0.201071
0.188167
0.175385
0.162748
0.150268
0.137948
0.125788
0.113778
0.10191
0.0901657
0.0785292
0.0669796
0.0554949
0.0440511
0.0326228
0.0211837
0.00970614
-0.00183799
-0.0134776
-0.0252421
-0.037161
-0.049264
-0.0615803
-0.0741384
-0.0869658
-0.100088
-0.113528
-0.127304
-0.141433
-0.15592
-0.170767
-0.185961
-0.201479
-0.217278
-0.233297
-0.249446
-0.265605
-0.281618
-0.297281
-0.312342
-0.326487
-0.339337
-0.350437
-0.359259
-0.365195
-0.367562
-0.365614
-0.358561
-0.345592
-0.325919
-0.298822
-0.2637
-0.220134
-0.167931
-0.10716
-0.0382094
0.0356372
0.0997696
0.156018
0.204049
0.243898
0.275873
0.300495
0.318432
0.330434
0.337276
0.339724
0.338496
0.334249
0.327569
0.318964
0.308871
0.297658
0.285628
0.273031
0.260067
0.246898
0.233648
0.220412
0.207265
0.194257
0.181425
0.168792
0.156371
0.144165
0.132171
0.120382
0.108782
0.0973577
0.0860875
0.0749503
0.0639222
0.0529779
0.0420907
0.0312327
0.0203752
0.00948843
-0.00145821
-0.0124959
-0.0236564
-0.034972
-0.0464753
-0.0581988
-0.0701751
-0.0824361
-0.0950124
-0.107933
-0.121225
-0.13491
-0.149007
-0.163525
-0.178466
-0.19382
-0.20956
-0.225641
-0.241993
-0.258513
-0.275063
-0.291459
-0.307461
-0.322766
-0.336996
-0.34969
-0.360297
-0.368168
-0.37256
-0.372639
-0.367503
-0.356203
-0.337791
-0.311377
-0.276192
-0.231666
-0.177497
-0.113704
-0.0406989
0.0380074
0.105979
0.165034
0.214817
0.255433
0.287321
0.311167
0.327812
0.338174
0.34318
0.343717
0.340602
0.334563
0.326235
0.316158
0.304783
0.292481
0.279554
0.266242
0.252732
0.239171
0.225669
0.212306
0.199142
0.186215
0.173548
0.161155
0.149037
0.137189
0.125602
0.114259
0.103143
0.0922314
0.0815007
0.0709255
0.060479
0.0501332
0.039859
0.0296265
0.019405
0.00916296
-0.00113178
-0.0115122
-0.022012
-0.0326656
-0.0435077
-0.0545738
-0.0658997
-0.0775211
-0.0894733
-0.101791
-0.114507
-0.127653
-0.141254
-0.155334
-0.169904
-0.184971
-0.200524
-0.216536
-0.232957
-0.249709
-0.266675
-0.283695
-0.300549
-0.316954
-0.332542
-0.346856
-0.359329
-0.369281
-0.375913
-0.378303
-0.375428
-0.366185
-0.349439
-0.324091
-0.289159
-0.243876
-0.187787
-0.12083
-0.0434378
0.0406695
0.112873
0.174905
0.226402
0.267575
0.299047
0.32172
0.336661
0.344992
0.347816
0.346157
0.340936
0.332953
0.322884
0.311293
0.298638
0.285286
0.271526
0.257582
0.243623
0.229776
0.216132
0.202754
0.189683
0.176944
0.164546
0.15249
0.140769
0.129368
0.11827
0.107453
0.0968919
0.0865616
0.0764344
0.0664817
0.0566741
0.0469812
0.0373724
0.0278161
0.0182803
0.00873237
-0.000861072
-0.0105341
-0.0203217
-0.0302595
-0.0403841
-0.050733
-0.0613444
-0.0722571
-0.0835104
-0.0951438
-0.107196
-0.119705
-0.132707
-0.146233
-0.16031
-0.174956
-0.190181
-0.205977
-0.222316
-0.239145
-0.256376
-0.273875
-0.291456
-0.308859
-0.325741
-0.341656
-0.35604
-0.368193
-0.377265
-0.382254
-0.382011
-0.375262
-0.360659
-0.336847
-0.302575
-0.256814
-0.198896
-0.128635
-0.046474
0.0436877
0.120583
0.185768
0.238885
0.280314
0.310937
0.331947
0.344693
0.350549
0.350816
0.346671
0.339139
0.329083
0.317216
0.30411
0.29022
0.275896
0.261406
0.246948
0.232669
0.218668
0.205015
0.191752
0.1789
0.166468
0.154452
0.14284
0.131613
0.12075
0.110225
0.10001
0.0900759
0.080393
0.0709303
0.0616567
0.0525407
0.0435506
0.0346542
0.0258193
0.0170132
0.00820249
-0.000646531
-0.00956847
-0.0185988
-0.0277738
-0.0371311
-0.0467092
-0.0565482
-0.066689
-0.0771739
-0.0880462
-0.0993497
-0.111128
-0.123426
-0.136283
-0.14974
-0.163829
-0.178575
-0.193992
-0.210077
-0.226805
-0.244118
-0.261918
-0.280054
-0.298305
-0.316363
-0.33381
-0.350098
-0.364524
-0.376206
-0.384071
-0.386847
-0.383079
-0.371172
-0.34947
-0.316379
-0.270524
-0.210938
-0.137243
-0.0498697
0.0471463
0.129278
0.197778
0.252337
0.293599
0.322808
0.341547
0.351523
0.354407
0.351726
0.344815
0.334797
0.322587
0.308916
0.29435
0.279322
0.264155
0.249083
0.234271
0.219832
0.205839
0.192333
0.179332
0.166839
0.154844
0.143329
0.13227
0.121639
0.111405
0.101536
0.0919981
0.0827591
0.0737852
0.0650432
0.0564999
0.0481226
0.0398785
0.0317352
0.02366
0.0156202
0.00758256
-0.000486485
-0.00862129
-0.0168571
-0.0252302
-0.0337783
-0.0425402
-0.0515568
-0.0608703
-0.0705247
-0.0805662
-0.0910421
-0.102002
-0.113494
-0.125571
-0.13828
-0.151669
-0.16578
-0.180646
-0.19629
-0.212714
-0.229897
-0.247779
-0.266254
-0.285147
-0.304199
-0.323038
-0.341154
-0.357861
-0.37227
-0.383256
-0.389437
-0.389173
-0.380599
-0.361702
-0.330458
-0.285035
-0.224043
-0.146809
-0.0537065
0.0511573
0.139169
0.211114
0.266809
0.307307
0.334369
0.350094
0.356637
0.356013
0.349998
0.340077
0.327455
0.313079
0.29767
0.281768
0.265767
0.249944
0.234488
0.219522
0.205122
0.191324
0.178141
0.165567
0.153583
0.142163
0.131274
0.12088
0.110944
0.101428
0.0922936
0.0835043
0.075023
0.0668138
0.0588418
0.0510729
0.0434737
0.0360114
0.0286536
0.0213681
0.0141228
0.00688532
-0.000377047
-0.00769774
-0.0151111
-0.0226525
-0.030359
-0.0382689
-0.0464227
-0.054863
-0.0636345
-0.0727846
-0.0823632
-0.0924228
-0.103018
-0.114206
-0.126046
-0.138594
-0.15191
-0.166045
-0.181046
-0.196946
-0.213758
-0.231467
-0.250015
-0.269284
-0.289078
-0.309089
-0.328865
-0.347772
-0.364942
-0.379231
-0.389173
-0.392955
-0.388427
-0.373164
-0.344615
-0.300342
-0.238357
-0.157529
-0.0580935
0.0558736
0.150523
0.22597
0.282299
0.3212
0.345171
0.356989
0.359356
0.354679
0.344979
0.331877
0.316627
0.300167
0.283183
0.266159
0.249425
0.233198
0.217611
0.202736
0.188603
0.175214
0.162549
0.150579
0.139262
0.128557
0.118418
0.108799
0.0996539
0.0909399
0.0826143
0.0746365
0.0669675
0.0595703
0.052409
0.0454495
0.0386587
0.0320043
0.0254549
0.0189794
0.0125471
0.00612697
-0.000312127
-0.00680203
-0.0133754
-0.0200662
-0.0269096
-0.0339428
-0.041205
-0.0487378
-0.0565855
-0.0647957
-0.0734188
-0.0825093
-0.092125
-0.102328
-0.113182
-0.124756
-0.13712
-0.150344
-0.164495
-0.179636
-0.195814
-0.213059
-0.231367
-0.250685
-0.27089
-0.291756
-0.312918
-0.333824
-0.35367
-0.371339
-0.385325
-0.393677
-0.393965
-0.383311
-0.358523
-0.316374
-0.254033
-0.169655
-0.0631808
0.0615101
0.163684
0.242543
0.298704
0.334855
0.354535
0.361402
0.358804
0.349563
0.335922
0.319591
0.301818
0.283492
0.265215
0.247384
0.230245
0.213936
0.198524
0.184023
0.170418
0.15767
0.145731
0.134546
0.124057
0.114205
0.104936
0.0961939
0.0879284
0.0800912
0.0726371
0.0655236
0.058711
0.052162
0.0458413
0.0397153
0.0337521
0.0279209
0.0221918
0.0165357
0.0109237
0.00532696
-0.000283582
-0.00593747
-0.0116651
-0.0174981
-0.0234693
-0.0296138
-0.0359685
-0.0425731
-0.0494702
-0.0567059
-0.0643302
-0.0723971
-0.0809655
-0.0900994
-0.0998679
-0.110345
-0.121611
-0.133749
-0.146845
-0.160986
-0.176253
-0.192719
-0.210434
-0.229414
-0.249617
-0.270918
-0.293063
-0.315617
-0.337892
-0.358858
-0.377039
-0.390408
-0.396294
-0.391352
-0.371649
-0.332942
-0.271215
-0.183508
-0.0691803
0.0683779
0.179091
0.260991
0.315729
0.347553
0.361457
0.362207
0.353873
0.33967
0.322002
0.302582
0.282582
0.26277
0.243623
0.225417
0.208289
0.192288
0.177405
0.163595
0.150795
0.138932
0.127929
0.11771
0.108201
0.0993335
0.0910426
0.0832688
0.0759575
0.0690583
0.062525
0.0563151
0.0503895
0.0447117
0.039248
0.0339667
0.0288377
0.0238324
0.0189234
0.0140837
0.00928714
0.0045075
-0.000281537
-0.00510673
-0.0099956
-0.0149768
-0.0200803
-0.025338
-0.0307839
-0.0364548
-0.0423903
-0.0486339
-0.055233
-0.06224
-0.0697123
-0.0777137
-0.0863143
-0.0955915
-0.10563
-0.116523
-0.12837
-0.141277
-0.155354
-0.170711
-0.187451
-0.205655
-0.225371
-0.246581
-0.269166
-0.292843
-0.317092
-0.341047
-0.363354
-0.382015
-0.394212
-0.396171
-0.383147
-0.34964
-0.289988
-0.199497
-0.0764009
0.0769452
0.197287
0.281343
0.33273
0.358118
0.364483
0.357913
0.34321
0.323889
0.302381
0.280282
0.258585
0.237867
0.218428
0.200394
0.183777
0.168528
0.154562
0.141778
0.13007
0.119333
0.109467
0.100381
0.0919901
0.0842183
0.0769966
0.0702633
0.0639625
0.0580444
0.0524637
0.0471795
0.0421548
0.0373554
0.0327502
0.0283099
0.0240073
0.0198168
0.0157137
0.0116741
0.0076749
0.00369294
-0.000294896
-0.0043121
-0.00838286
-0.0125323
-0.016787
-0.0211751
-0.0257269
-0.0304752
-0.0354559
-0.0407084
-0.0462764
-0.0522083
-0.0585583
-0.0653872
-0.072763
-0.0807622
-0.0894708
-0.0989852
-0.109413
-0.120872
-0.133494
-0.147418
-0.162789
-0.179751
-0.198434
-0.218933
-0.241272
-0.265353
-0.290875
-0.317212
-0.343254
-0.367178
-0.386184
-0.396204
-0.391696
-0.365682
-0.310284
-0.218127
-0.0853093
0.087942
0.21891
0.303311
0.348452
0.364687
0.361567
0.346625
0.325261
0.301076
0.276319
0.2523
0.229718
0.208886
0.189886
0.172671
0.157127
0.143108
0.130461
0.119034
0.10869
0.0992989
0.0907484
0.0829368
0.0757752
0.0691849
0.063097
0.057451
0.0521932
0.0472764
0.0426584
0.0383017
0.0341726
0.0302405
0.0264776
0.0228582
0.0193586
0.0159565
0.0126306
0.00936051
0.00612646
0.00290881
-0.000312065
-0.00355608
-0.00684371
-0.0101963
-0.0136364
-0.0171881
-0.0208773
-0.0247322
-0.0287841
-0.0330673
-0.0376203
-0.0424864
-0.0477141
-0.0533588
-0.0594835
-0.0661601
-0.0734708
-0.0815099
-0.0903853
-0.10022
-0.111155
-0.123348
-0.136975
-0.152226
-0.169304
-0.188403
-0.209692
-0.233268
-0.259085
-0.286838
-0.315781
-0.344461
-0.370344
-0.389335
-0.39528
-0.379635
-0.331673
-0.239973
-0.0966361
0.10253
0.24457
0.325886
0.360587
0.364403
0.349961
0.326087
0.298413
0.270246
0.243363
0.218598
0.196241
0.176285
0.158574
0.142892
0.129006
0.116691
0.10574
0.0959705
0.0872227
0.0793586
0.0722594
0.0658233
0.0599628
0.0546029
0.0496791
0.0451354
0.0409233
0.0370005
0.0333301
0.0298791
0.0266184
0.0235221
0.0205664
0.0177299
0.0149928
0.0123366
0.00974369
0.00719751
0.00468181
0.00218065
-0.000321908
-0.00284201
-0.00539626
-0.00800201
-0.0106776
-0.0134426
-0.0163183
-0.019328
-0.0224974
-0.0258553
-0.0294338
-0.0332697
-0.0374045
-0.041886
-0.0467693
-0.0521182
-0.0580068
-0.0645216
-0.0717638
-0.079852
-0.088925
-0.0991455
-0.110703
-0.123815
-0.13873
-0.155724
-0.175087
-0.197097
-0.221974
-0.249778
-0.280243
-0.31249
-0.344577
-0.372824
-0.390923
-0.388982
-0.352947
-0.265545
-0.111544
0.122526
0.274451
0.346587
0.365156
0.353148
0.326255
0.293936
0.261332
0.230916
0.203656
0.179736
0.158966
0.141007
0.125485
0.112043
0.100361
0.0901657
0.0812237
0.0733411
0.0663558
0.0601331
0.0545607
0.0495447
0.0450063
0.0408792
0.0371072
0.0336425
0.0304441
0.0274768
0.0247099
0.0221166
0.0196734
0.0173592
0.0151553
0.0130448
0.0110119
0.00904217
0.00712213
0.0052388
0.00337968
0.00153251
-0.000314949
-0.00217508
-0.00406061
-0.00598486
-0.00796192
-0.0100069
-0.0121363
-0.0143681
-0.0167225
-0.019222
-0.0218921
-0.0247619
-0.0278649
-0.0312398
-0.0349317
-0.0389935
-0.0434873
-0.0484869
-0.0540803
-0.0603723
-0.0674893
-0.0755829
-0.0848363
-0.0954703
-0.10775
-0.121991
-0.138563
-0.157886
-0.180405
-0.206539
-0.236556
-0.27032
-0.306835
-0.343435
-0.374484
-0.389546
-0.371351
-0.294846
-0.131834
0.150708
0.307268
0.360084
0.355741
0.325488
0.286813
0.248325
0.213591
0.183632
0.158336
0.137157
0.11945
0.104605
0.0920961
0.0814904
0.0724363
0.0646521
0.0579122
0.0520362
0.0468789
0.042323
0.0382731
0.0346512
0.0313932
0.0284457
0.0257644
0.0233118
0.0210564
0.0189711
0.0170327
0.0152211
0.0135188
0.0119101
0.0103814
0.0089201
0.00751493
0.00615544
0.00483185
0.00353488
0.00225561
0.000985285
-0.000284786
-0.00156342
-0.00285966
-0.00418298
-0.00554342
-0.00695179
-0.00841985
-0.00996062
-0.0115886
-0.0133202
-0.0151739
-0.0171712
-0.0193368
-0.0216996
-0.0242934
-0.0271585
-0.0303426
-0.0339031
-0.0379094
-0.0424459
-0.0476159
-0.0535468
-0.0603966
-0.0683621
-0.0776901
-0.0886898
-0.101749
-0.117349
-0.136077
-0.158624
-0.185733
-0.218057
-0.255804
-0.297955
-0.340727
-0.374814
-0.381238
-0.32629
-0.160234
0.191542
0.337811
0.35566
0.322508
0.275037
0.228742
0.188972
0.156534
0.130592
0.10993
0.0934108
0.0800978
0.0692623
0.0603497
0.0529411
0.0467194
0.0414434
0.0369283
0.033031
0.0296396
0.0266661
0.0240401
0.0217052
0.0196156
0.0177338
0.0160291
0.0144756
0.0130517
0.0117393
0.0105227
0.00938854
0.00832522
0.00732251
0.00637138
0.00546372
0.00459221
0.00375009
0.0029311
0.00212929
0.00133896
0.000554548
-0.000229494
-0.00101876
-0.00181901
-0.00263626
-0.00347691
-0.00434785
-0.00525662
-0.00621157
-0.00722204
-0.00829861
-0.00945339
-0.0107003
-0.0120557
-0.0135387
-0.0151717
-0.0169819
-0.0190017
-0.0212704
-0.0238362
-0.0267584
-0.0301111
-0.0339869
-0.0385038
-0.0438126
-0.0501086
-0.0576467
-0.0667631
-0.0779036
-0.0916612
-0.10882
-0.130398
-0.157644
-0.191924
-0.234236
-0.283854
-0.335181
-0.371672
-0.354226
-0.201058
0.248343
0.350056
0.314049
0.252943
0.196909
0.15245
0.119136
0.0945754
0.0763826
0.0627205
0.0522829
0.0441635
0.0377364
0.0325654
0.0283428
0.024848
0.02192
0.0194396
0.017317
0.0154836
0.0138864
0.0124838
0.0112429
0.0101373
0.00914556
0.0082503
0.00743708
0.0066939
0.00601069
0.00537889
0.00479119
0.00424127
0.00372363
0.00323341
0.00276626
0.00231828
0.00188588
0.00146573
0.0010547
0.000649784
0.000248047
-0.000153421
-0.000557561
-0.000967399
-0.0013861
-0.00181703
-0.00226382
-0.00273046
-0.00322137
-0.00374151
-0.00429653
-0.00489292
-0.00553817
-0.00624109
-0.00701205
-0.00786341
-0.00881001
-0.00986986
-0.011065
-0.0124225
-0.0139764
-0.0157694
-0.017856
-0.0203066
-0.0232134
-0.0266987
-0.0309275
-0.0361261
-0.0426105
-0.0508295
-0.0614303
-0.0753555
-0.0939768
-0.119246
-0.153739
-0.200123
-0.259048
-0.32368
-0.36205
-0.25696
0.28705
0.301418
0.215165
0.14613
0.100157
0.0703855
0.0511727
0.0385523
0.0299917
0.023972
0.0195913
0.0163045
0.0137724
0.011777
0.0101739
0.00886444
0.00777909
0.00686788
0.00609406
0.00543008
0.00485494
0.00435243
0.00390983
0.00351706
0.00316601
0.00285013
0.00256404
0.00230328
0.00206415
0.0018435
0.00163866
0.00144735
0.00126756
0.00109754
0.000935732
0.000780741
0.000631283
0.000486176
0.000344304
0.000204602
6.60306e-05
-7.24398e-05
-0.00021185
-0.000353269
-0.000497819
-0.000646692
-0.00080118
-0.0009627
-0.00113283
-0.00131335
-0.00150628
-0.00171396
-0.00193911
-0.00218492
-0.00245517
-0.00275442
-0.00308812
-0.00346297
-0.00388721
-0.00437108
-0.00492749
-0.00557288
-0.00632848
-0.00722209
-0.00829074
-0.00958462
-0.0111733
-0.0131554
-0.015675
-0.0189486
-0.0233138
-0.0293147
-0.0378572
-0.0504843
-0.0698116
-0.100031
-0.147203
-0.218469
-0.307045
-0.292051
0.146722
0.127442
0.0750565
0.0426
0.0249583
0.0153461
0.0100227
0.0069702
0.00512293
0.00393508
0.00312652
0.00254875
0.00211922
0.00178965
0.00153026
0.00132182
0.00115138
0.00100991
0.000890945
0.000789738
0.000702736
0.000627232
0.000561131
0.000502792
0.000450909
0.000404435
0.000362518
0.000324458
0.000289675
0.000257682
0.000228069
0.000200484
0.000174621
0.000150215
0.000127031
0.000104859
8.35053e-05
6.27942e-05
4.25593e-05
2.26421e-05
2.88844e-06
-1.68546e-05
-3.67416e-05
-5.69314e-05
-7.75908e-05
-9.88979e-05
-0.000121046
-0.000144247
-0.00016874
-0.000194793
-0.000222716
-0.000252863
-0.000285654
-0.000321583
-0.000361239
-0.000405332
-0.000454727
-0.00051049
-0.00057394
-0.000646742
-0.000731009
-0.000829469
-0.000945692
-0.00108443
-0.00125214
-0.00145776
-0.00171406
-0.00203986
-0.00246399
-0.00303285
-0.00382517
-0.00498226
-0.00677175
-0.009721
-0.0148806
-0.0242948
-0.041841
-0.0745646
-0.127795
-0.147606
)
;

boundaryField
{
    movingWall
    {
        type            calculated;
        value           uniform 0;
    }
    fixedWalls
    {
        type            calculated;
        value           uniform 0;
    }
    frontAndBack
    {
        type            empty;
    }
}


// ************************************************************************* //
