/*--------------------------------*- C++ -*----------------------------------*\
| =========                 |                                                 |
| \\      /  F ield         | OpenFOAM: The Open Source CFD Toolbox           |
|  \\    /   O peration     | Version:  2506                                  |
|   \\  /    A nd           | Website:  www.openfoam.com                      |
|    \\/     M anipulation  |                                                 |
\*---------------------------------------------------------------------------*/
FoamFile
{
    version     2.0;
    format      ascii;
    arch        "LSB;label=32;scalar=64";
    class       volScalarField;
    location    "1.175";
    object      p;
}
// * * * * * * * * * * * * * * * * * * * * * * * * * * * * * * * * * * * * * //

dimensions      [0 2 -2 0 0 0 0];

internalField   nonuniform List<scalar> 
6400
(
-3.21777e-08
-9.67524e-07
-5.58875e-05
-0.000164003
-0.000312071
-0.00048735
-0.000678952
-0.000877699
-0.00107611
-0.00126823
-0.00144935
-0.00161583
-0.00176484
-0.00189426
-0.00200251
-0.00208843
-0.00215122
-0.00219032
-0.00220535
-0.00219607
-0.00216237
-0.00210418
-0.00202154
-0.0019145
-0.00178317
-0.00162773
-0.00144839
-0.00124547
-0.00101936
-0.000770523
-0.00049957
-0.000207235
0.000105557
0.000437712
0.000787952
0.0011548
0.00153659
0.00193141
0.00233711
0.00275133
0.00317152
0.00359492
0.00401858
0.00443941
0.00485417
0.00525954
0.00565213
0.00602856
0.00638548
0.00671963
0.0070279
0.00730736
0.00755534
0.00776948
0.00794776
0.00808859
0.00819082
0.0082538
0.00827736
0.00826191
0.00820838
0.00811831
0.00799378
0.00783742
0.00765245
0.00744258
0.00721206
0.0069656
0.00670838
0.00644602
0.00618455
0.00593038
0.0056903
0.00547142
0.00528107
0.00512655
0.00501453
0.00495021
0.00493616
0.0049608
7.31528e-06
6.21749e-06
-4.25019e-05
-0.000134114
-0.000257701
-0.000404316
-0.000565742
-0.000734551
-0.000904398
-0.00107
-0.00122706
-0.0013721
-0.00150239
-0.00161577
-0.00171058
-0.00178556
-0.00183978
-0.00187256
-0.00188341
-0.00187198
-0.00183806
-0.00178153
-0.00170233
-0.00160047
-0.00147603
-0.00132915
-0.00116003
-0.000968966
-0.000756341
-0.000522619
-0.000268381
5.65415e-06
0.000298589
0.000609366
0.000936773
0.00127941
0.00163569
0.00200381
0.00238177
0.00276735
0.00315818
0.0035517
0.00394518
0.00433576
0.00472048
0.00509626
0.00546002
0.00580867
0.00613914
0.00644849
0.00673389
0.0069927
0.00722252
0.00742123
0.00758706
0.00771861
0.00781489
0.00787537
0.00789998
0.00788916
0.00784385
0.00776551
0.00765613
0.00751818
0.00735467
0.00716904
0.00696521
0.00674752
0.0065207
0.00628984
0.00606034
0.00583787
0.00562835
0.00543779
0.00527218
0.00513725
0.00503776
0.00497731
0.00496052
0.00498535
7.17884e-05
6.23108e-05
1.20093e-05
-7.31557e-05
-0.000184278
-0.000314478
-0.00045726
-0.000606547
-0.000756965
-0.000903921
-0.00104358
-0.00117278
-0.00128894
-0.00139002
-0.00147438
-0.00154077
-0.00158823
-0.00161601
-0.00162357
-0.00161051
-0.00157656
-0.00152156
-0.00144538
-0.00134802
-0.00122951
-0.00108996
-0.00092956
-0.000748569
-0.000547342
-0.000326314
-8.60412e-05
0.000172782
0.000449305
0.000742522
0.00105128
0.00137425
0.00170994
0.00205663
0.00241245
0.0027753
0.00314295
0.00351299
0.00388288
0.00424993
0.00461136
0.00496433
0.00530594
0.0056333
0.00594358
0.00623404
0.00650205
0.00674518
0.00696122
0.00714822
0.00730456
0.00742898
0.00752059
0.00757896
0.00760406
0.00759634
0.00755675
0.00748669
0.00738807
0.00726323
0.00711499
0.00694661
0.00676175
0.00656443
0.00635902
0.00615017
0.00594281
0.00574203
0.00555306
0.00538114
0.00523142
0.00510873
0.00501702
0.00495959
0.00494332
0.00497175
0.00018968
0.000161267
0.000101565
1.4841e-05
-9.27019e-05
-0.000215411
-0.000347943
-0.000485309
-0.000623011
-0.000757136
-0.000884343
-0.00100184
-0.00110731
-0.00119889
-0.00127506
-0.00133464
-0.0013767
-0.00140051
-0.00140551
-0.00139129
-0.00135757
-0.00130414
-0.00123085
-0.00113766
-0.00102458
-0.000891689
-0.000739135
-0.000567151
-0.00037605
-0.000166234
6.17837e-05
0.000307351
0.000569667
0.000847793
0.00114064
0.00144695
0.00176532
0.00209412
0.00243157
0.00277571
0.0031244
0.00347537
0.00382621
0.00417439
0.00451727
0.00485213
0.00517626
0.00548691
0.00578141
0.00605714
0.00631164
0.00654261
0.00674796
0.00692586
0.0070748
0.00719359
0.00728142
0.00733789
0.00736302
0.00735727
0.00732154
0.00725721
0.0071661
0.00705045
0.00691295
0.00675668
0.00658509
0.00640194
0.00621132
0.00601752
0.00582507
0.00563861
0.00546285
0.00530247
0.00516206
0.00504595
0.00495777
0.00490084
0.00488283
0.00490905
0.000347449
0.000292257
0.000217232
0.00012374
1.4519e-05
-0.000105824
-0.000232879
-0.00036263
-0.00049142
-0.000616001
-0.000733563
-0.000841707
-0.000938438
-0.00102211
-0.00109139
-0.0011452
-0.00118269
-0.00120317
-0.00120612
-0.00119115
-0.00115795
-0.0011063
-0.00103603
-0.000947083
-0.000839435
-0.00071313
-0.000568282
-0.000405079
-0.000223785
-2.47612e-05
0.000191529
0.000424493
0.000673385
0.000937337
0.00121534
0.00150621
0.00180862
0.00212106
0.00244184
0.00276908
0.00310077
0.00343475
0.00376872
0.00410029
0.00442692
0.00474605
0.00505505
0.00535131
0.00563226
0.00589543
0.00613843
0.00635906
0.00655534
0.00672552
0.00686814
0.00698208
0.00706658
0.00712126
0.00714614
0.00714168
0.00710876
0.00704871
0.00696327
0.00685461
0.00672528
0.00657821
0.00641665
0.00624415
0.00606453
0.0058818
0.0057001
0.0055237
0.00535687
0.00520384
0.00506872
0.00495543
0.00486735
0.00480771
0.00478358
0.00479995
0.00053399
0.000447047
0.000352328
0.000247947
0.000132828
1.06706e-05
-0.000114893
-0.000240735
-0.000363969
-0.000481981
-0.000592486
-0.000693508
-0.000783389
-0.000860756
-0.000924476
-0.000973617
-0.00100743
-0.00102532
-0.00102682
-0.00101155
-0.000979228
-0.000929619
-0.000862558
-0.000777945
-0.000675744
-0.000555965
-0.000418671
-0.000264005
-9.21781e-05
9.6503e-05
0.000301624
0.000522662
0.000758946
0.00100968
0.00127392
0.00155059
0.00183845
0.00213606
0.00244183
0.00275399
0.00307062
0.00338965
0.00370892
0.0040261
0.00433878
0.00464447
0.00494065
0.00522479
0.00549442
0.00574712
0.00598059
0.0061927
0.00638152
0.00654535
0.00668277
0.00679268
0.00687435
0.00692739
0.00695183
0.00694812
0.00691709
0.00686003
0.00677862
0.00667492
0.0065514
0.00641084
0.00625633
0.00609123
0.00591912
0.00574376
0.005569
0.00539876
0.00523694
0.0050874
0.00495385
0.00483984
0.00474849
0.00468287
0.00464855
0.00464913
0.000739424
0.000617922
0.000500526
0.000382067
0.000257667
0.000130259
2.81382e-06
-0.000122325
-0.000242977
-0.000357122
-0.000462979
-0.000559003
-0.00064389
-0.000716547
-0.000776058
-0.000821672
-0.000852775
-0.000868877
-0.000869572
-0.000854533
-0.000823496
-0.000776237
-0.000712588
-0.000632434
-0.000535714
-0.000422399
-0.000292502
-0.00014611
1.66139e-05
0.000195424
0.000389973
0.000599804
0.000824326
0.00106282
0.00131445
0.0015782
0.00185292
0.00213728
0.00242975
0.00272866
0.00303219
0.00333835
0.00364507
0.0039501
0.00425111
0.00454568
0.00483136
0.00510567
0.00536618
0.00561054
0.00583648
0.00604191
0.00622492
0.00638382
0.00651721
0.00662399
0.00670341
0.00675509
0.00677902
0.00677563
0.00674571
0.0066905
0.00661161
0.00651104
0.00639114
0.00625459
0.00610434
0.0059436
0.00577574
0.0056043
0.00543289
0.00526516
0.0051047
0.00495505
0.00481958
0.00470151
0.00460376
0.00452916
0.00448131
0.00446198
0.000955028
0.000797629
0.000655657
0.000520844
0.000384627
0.000249305
0.000117301
-9.74339e-06
-0.000130287
-0.00024286
-0.000346163
-0.000439079
-0.000520653
-0.000590077
-0.000646666
-0.000689863
-0.000719212
-0.000734338
-0.000734913
-0.000720667
-0.000691371
-0.000646818
-0.000586844
-0.000511325
-0.000420167
-0.000313301
-0.000190691
-5.23666e-05
0.000101567
0.000270923
0.000455431
0.000654711
0.000868255
0.00109543
0.00133549
0.00158751
0.00185042
0.00212297
0.00240374
0.00269111
0.00298337
0.0032786
0.0035748
0.00386978
0.00416127
0.0044469
0.00472425
0.00499088
0.0052444
0.00548244
0.00570279
0.00590332
0.00608213
0.00623753
0.00636808
0.00647266
0.00655051
0.00660119
0.00662469
0.00662135
0.00659196
0.00653768
0.00646007
0.00636105
0.0062429
0.00610818
0.00595975
0.00580065
0.00563414
0.00546356
0.00529233
0.00512385
0.00496149
0.00480851
0.00466801
0.00454291
0.00443595
0.00434977
0.0042858
0.00424381
0.00117328
0.000979557
0.000811933
0.000659228
0.000509357
0.000364116
0.000225473
9.44422e-05
-2.80131e-05
-0.000140938
-0.000243494
-0.000334964
-0.00041473
-0.000482266
-0.00053714
-0.00057899
-0.000607524
-0.000622486
-0.00062364
-0.000610778
-0.000583715
-0.00054227
-0.000486285
-0.000415624
-0.000330162
-0.000229783
-0.000114401
1.60057e-05
0.000161397
0.000321656
0.000496587
0.000685899
0.000889172
0.00110587
0.00133531
0.00157669
0.00182902
0.00209111
0.00236164
0.00263908
0.00292177
0.00320789
0.00349546
0.00378236
0.00406636
0.00434511
0.00461621
0.00487723
0.00512577
0.00535948
0.0055761
0.0057735
0.00594973
0.00610305
0.006232
0.00633541
0.00641245
0.00646265
0.00648592
0.00648257
0.00645332
0.00639928
0.00632195
0.00622319
0.00610518
0.00597042
0.00582166
0.00566187
0.00549414
0.00532171
0.00514781
0.00497569
0.00480852
0.00464935
0.00450105
0.00436629
0.0042477
0.00414775
0.00406567
0.00399931
0.0013877
0.00115779
0.000964
0.000792418
0.000627613
0.000470974
0.000324099
0.000187445
6.14381e-05
-5.34475e-05
-0.000156797
-0.000248266
-0.000327561
-0.000394445
-0.000448728
-0.000490253
-0.000518884
-0.000534488
-0.000536927
-0.000526065
-0.000501763
-0.000463868
-0.000412231
-0.000346698
-0.000267112
-0.000173308
-6.51541e-05
5.74266e-05
0.000194462
0.000345915
0.000511673
0.000691532
0.000885165
0.00109213
0.00131185
0.00154359
0.00178645
0.00203934
0.002301
0.00257
0.00284474
0.00312344
0.00340418
0.00368488
0.00396332
0.00423717
0.00450402
0.00476143
0.00500699
0.0052383
0.00545306
0.00564908
0.00582437
0.00597712
0.00610579
0.00620914
0.00628626
0.00633662
0.00636005
0.0063568
0.00632753
0.00627327
0.00619546
0.0060959
0.00597671
0.00584031
0.0056894
0.00552683
0.00535564
0.00517893
0.00499985
0.0048215
0.00464691
0.00447897
0.0043204
0.00417367
0.00404135
0.0039258
0.00382415
0.00373232
0.00159259
0.00132697
0.00110689
0.000915869
0.000735293
0.000566209
0.000409914
0.000266359
0.000135479
1.73076e-05
-8.81295e-05
-0.000180841
-0.00026085
-0.000328204
-0.000382942
-0.000425103
-0.000454707
-0.000471749
-0.000476188
-0.000467959
-0.000446975
-0.000413113
-0.000366227
-0.000306137
-0.000232651
-0.000145572
-4.47117e-05
7.00701e-05
0.000198875
0.000341744
0.000498655
0.000669498
0.000854047
0.00105195
0.00126273
0.00148574
0.00172016
0.00196501
0.00221908
0.00248103
0.00274931
0.00302221
0.00329783
0.00357412
0.00384885
0.0041197
0.00438424
0.00464001
0.00488454
0.00511538
0.00533015
0.00552662
0.00570267
0.00585641
0.00598621
0.00609074
0.00616898
0.00622031
0.00624447
0.00624165
0.00621239
0.00615768
0.00607889
0.00597773
0.00585629
0.00571694
0.00556229
0.00539516
0.00521852
0.0050354
0.00484888
0.00466197
0.00447762
0.00429863
0.00412757
0.0039668
0.00381892
0.00368622
0.0035638
0.0034459
0.00178289
0.00148222
0.00123602
0.00102529
0.00082844
0.00064621
0.000479637
0.000328205
0.000191407
6.88795e-05
-3.9722e-05
-0.000134747
-0.000216524
-0.000285355
-0.000341507
-0.000385208
-0.00041663
-0.000435886
-0.000443038
-0.000438097
-0.000421023
-0.000391712
-0.000350012
-0.000295728
-0.000228634
-0.000148488
-5.50483e-05
5.1892e-05
0.000172511
0.000306941
0.000455253
0.000617435
0.000793362
0.000982784
0.00118531
0.0014004
0.00162731
0.00186516
0.00211282
0.00236901
0.00263224
0.00290085
0.00317296
0.00344654
0.00371935
0.00398906
0.0042532
0.00450927
0.00475471
0.00498703
0.00520374
0.00540249
0.00558108
0.00573749
0.00586997
0.00597705
0.00605761
0.00611091
0.00613659
0.00613471
0.00610575
0.0060506
0.00597055
0.00586726
0.00574277
0.00559938
0.00543969
0.00526647
0.00508265
0.00489124
0.00469527
0.00449772
0.0043015
0.00410937
0.00392383
0.00374719
0.00358211
0.00343094
0.00328685
0.00314238
0.00195398
0.00161908
0.00134707
0.00111664
0.00090326
0.000707447
0.000529994
0.000369962
0.000226445
9.87031e-05
-1.3965e-05
-0.000112221
-0.000196685
-0.000267903
-0.000326355
-0.000372442
-0.000406484
-0.000428723
-0.000439312
-0.000438329
-0.000425775
-0.000401562
-0.000365535
-0.000317472
-0.000257116
-0.00018418
-9.8366e-05
6.10347e-07
0.000113012
0.000239062
0.000378932
0.000532712
0.000700379
0.000881787
0.00107665
0.00128451
0.00150474
0.00173652
0.00197884
0.00223046
0.00248996
0.0027557
0.00302584
0.00329833
0.00357096
0.00384133
0.00410695
0.00436523
0.00461356
0.00484933
0.00506994
0.00527293
0.00545594
0.00561681
0.00575365
0.00586483
0.00594911
0.00600558
0.00603376
0.0060336
0.00600544
0.0059501
0.00586878
0.00576309
0.00563499
0.00548676
0.00532096
0.00514035
0.00494787
0.00474651
0.0045393
0.00432925
0.00411925
0.00391207
0.00371025
0.00351605
0.00333229
0.00316143
0.00299483
0.0028234
0.00210163
0.00173336
0.00143604
0.00118605
0.000956088
0.000746454
0.000557734
0.000388598
0.000237754
0.000104111
-1.33651e-05
-0.000115643
-0.000203603
-0.000278022
-0.00033958
-0.000388851
-0.000426298
-0.000452274
-0.000467023
-0.000470684
-0.00046329
-0.000444762
-0.000414935
-0.000373567
-0.000320366
-0.000254994
-0.000177086
-8.62779e-05
1.77832e-05
0.000135418
0.000266901
0.00041243
0.000572091
0.000745844
0.000933504
0.00113472
0.00134897
0.00157553
0.00181345
0.00206158
0.00231855
0.00258274
0.00285235
0.00312533
0.00339944
0.00367225
0.0039412
0.00420364
0.00445685
0.00469809
0.00492465
0.0051339
0.00532333
0.00549061
0.00563366
0.0057507
0.00584028
0.00590135
0.00593327
0.00593582
0.00590925
0.00585424
0.00577191
0.00566378
0.00553178
0.00537815
0.00520543
0.00501639
0.00481398
0.00460122
0.00438119
0.00415694
0.00393143
0.00370748
0.00348768
0.00327436
0.00307052
0.00287884
0.00268889
0.00249005
0.00222191
0.00182119
0.00149909
0.00122983
0.000983384
0.000759857
0.000559655
0.000381079
0.000222464
8.23734e-05
-4.05319e-05
-0.000147501
-0.000239661
-0.000318018
-0.000383435
-0.000436648
-0.000478256
-0.000508718
-0.00052836
-0.000537369
-0.000535799
-0.00052358
-0.000500537
-0.000466406
-0.00042085
-0.000363473
-0.000293837
-0.000211497
-0.000116001
-6.92531e-06
0.000116115
0.000253429
0.000405212
0.00057154
0.000752337
0.000947369
0.00115622
0.00137824
0.0016126
0.00185821
0.00211373
0.00237762
0.00264806
0.00292302
0.00320022
0.0034772
0.00375134
0.00401988
0.00427999
0.0045288
0.00476344
0.0049811
0.00517909
0.00535489
0.0055062
0.00563104
0.00572776
0.0057951
0.00583224
0.0058388
0.00581487
0.00576099
0.00567818
0.00556788
0.00543195
0.00527262
0.00509241
0.00489413
0.00468074
0.00445534
0.00422109
0.00398112
0.00373849
0.00349616
0.00325679
0.00302285
0.00279759
0.00258395
0.00236978
0.00214297
0.0023111
0.00187885
0.00153262
0.00124445
0.000981727
0.000744375
0.00053262
0.00034439
0.000177672
3.0711e-05
-9.81274e-05
-0.000210359
-0.000307351
-0.000390313
-0.000460292
-0.000518175
-0.000564687
-0.000600385
-0.000625659
-0.000640735
-0.000645689
-0.000640453
-0.000624843
-0.000598559
-0.000561214
-0.000512351
-0.000451454
-0.000377984
-0.000291388
-0.000191131
-7.67151e-05
5.22828e-05
0.000196179
0.000355168
0.0005293
0.000718458
0.000922334
0.0011404
0.00137189
0.00161579
0.00187085
0.00213555
0.0024081
0.00268645
0.00296831
0.00325117
0.00353232
0.00380892
0.004078
0.00433655
0.0045815
0.00480986
0.00501872
0.00520533
0.00536717
0.005502
0.00560794
0.00568351
0.00572765
0.0057398
0.00571986
0.00566821
0.00558576
0.00547383
0.00533424
0.00516917
0.00498117
0.00477305
0.00454785
0.00430877
0.00405906
0.00380199
0.00354079
0.00327854
0.00301809
0.00276206
0.00251404
0.00227727
0.00203792
0.00178237
0.00236565
0.00190285
0.00153314
0.00122652
0.000947836
0.000696821
0.00047353
0.000275539
0.000100492
-5.36662e-05
-0.000188855
-0.000306844
-0.000409229
-0.000497416
-0.000572626
-0.00063589
-0.000688042
-0.000729724
-0.000761381
-0.000783273
-0.000795494
-0.000797975
-0.00079051
-0.00077276
-0.000744284
-0.000704551
-0.000652965
-0.000588884
-0.000511646
-0.0004206
-0.000315134
-0.000194701
-5.88565e-05
9.27279e-05
0.000260234
0.000443671
0.000642849
0.000857349
0.00108651
0.00132941
0.00158485
0.00185136
0.00212717
0.00241024
0.00269826
0.00298866
0.00327866
0.0035653
0.00384548
0.004116
0.00437361
0.0046151
0.00483732
0.00503725
0.0052121
0.00535938
0.00547691
0.00556296
0.00561621
0.00563586
0.00562159
0.00557361
0.00549266
0.00537998
0.00523729
0.00506674
0.00487089
0.00465259
0.00441498
0.00416135
0.00389512
0.00361972
0.00333856
0.00305495
0.00277194
0.00249238
0.00222023
0.00195908
0.00169344
0.00140816
0.00238217
0.0018898
0.00149734
0.00117279
0.00087852
0.000614083
0.000379354
0.000171573
-1.19433e-05
-0.000173549
-0.000315435
-0.000439617
-0.000547909
-0.000641908
-0.000722998
-0.000792338
-0.000850862
-0.000899283
-0.000938097
-0.000967593
-0.000987876
-0.000998869
-0.00100034
-0.000991896
-0.000973041
-0.000943164
-0.000901575
-0.000847527
-0.000780242
-0.000698953
-0.00060292
-0.000491466
-0.000364005
-0.000220065
-5.93241e-05
0.000118363
0.000312938
0.000524103
0.00075131
0.000993729
0.00125024
0.00151942
0.00179954
0.00208857
0.00238417
0.00268374
0.0029844
0.00328307
0.00357651
0.00386133
0.00413408
0.00439128
0.00462952
0.00484551
0.00503613
0.00519859
0.0053304
0.00542951
0.00549432
0.00552373
0.00551718
0.00547466
0.00539674
0.00528451
0.00513961
0.00496415
0.00476069
0.00453214
0.00428172
0.00401289
0.00372922
0.00343437
0.00313199
0.00282562
0.00251861
0.00221405
0.00191632
0.00162946
0.00133625
0.00101999
0.00235739
0.00183648
0.00142204
0.00108011
0.000770687
0.000493127
0.000247125
2.95948e-05
-0.00016247
-0.000331713
-0.00048059
-0.000611359
-0.000726043
-0.000826422
-0.000914025
-0.00099013
-0.00105576
-0.00111169
-0.00115847
-0.0011964
-0.0012256
-0.00124597
-0.00125724
-0.00125898
-0.0012506
-0.00123142
-0.00120065
-0.00115742
-0.00110084
-0.00103001
-0.000944071
-0.000842189
-0.000723629
-0.000587767
-0.00043413
-0.00026242
-7.25548e-05
0.000135307
0.000360738
0.000603016
0.00086111
0.00113367
0.00141901
0.00171511
0.00201964
0.00232993
0.00264302
0.00295573
0.00326464
0.00356618
0.00385665
0.00413231
0.00438946
0.00462446
0.0048339
0.00501458
0.0051637
0.00527882
0.00535801
0.00539984
0.00540346
0.00536861
0.00529562
0.00518544
0.00503958
0.00486011
0.00464958
0.00441096
0.0041476
0.00386311
0.00356127
0.00324599
0.00292119
0.00259074
0.00225826
0.00192719
0.00160239
0.00128835
0.000966099
0.000617324
0.00228817
0.00173978
0.00130417
0.000945462
0.00062136
0.000331023
7.39681e-05
-0.00015322
-0.000353863
-0.000530893
-0.000687025
-0.00082475
-0.000946293
-0.0010536
-0.00114834
-0.0012319
-0.00130539
-0.00136963
-0.00142522
-0.00147248
-0.00151152
-0.00154221
-0.00156425
-0.00157713
-0.00158021
-0.00157269
-0.00155369
-0.00152222
-0.00147726
-0.00141779
-0.00134278
-0.00125127
-0.00114233
-0.0010152
-0.000869224
-0.000703942
-0.000519115
-0.00031475
-9.11353e-05
0.000151133
0.00041113
0.000687591
0.000978895
0.00128306
0.00159773
0.00192021
0.00224748
0.00257622
0.00290285
0.00322358
0.00353448
0.00383152
0.00411066
0.00436792
0.00459949
0.00480179
0.0049716
0.00510608
0.00520289
0.00526024
0.00527692
0.00525237
0.00518666
0.00508054
0.00493538
0.00475317
0.00453645
0.00428827
0.00401209
0.0037117
0.00339114
0.00305457
0.00270626
0.00235042
0.00199103
0.00163189
0.00127841
0.000935593
0.000582622
0.000199497
0.00217148
0.00159672
0.00114079
0.000765936
0.000427672
0.00012495
-0.000142898
-0.000379614
-0.000588838
-0.000773779
-0.000937411
-0.00108245
-0.0012113
-0.00132609
-0.00142859
-0.00152031
-0.00160243
-0.00167583
-0.00174112
-0.00179866
-0.00184853
-0.00189057
-0.00192444
-0.00194955
-0.00196518
-0.00197043
-0.00196431
-0.00194571
-0.00191348
-0.00186645
-0.00180343
-0.00172329
-0.00162494
-0.00150742
-0.0013699
-0.00121174
-0.00103254
-0.00083211
-0.000610597
-0.000368447
-0.000106453
0.000174225
0.000472046
0.000785075
0.00111098
0.00144703
0.00179015
0.00213688
0.00248348
0.00282596
0.00316012
0.0034816
0.00378603
0.00406903
0.00432637
0.00455404
0.00474832
0.00490593
0.00502408
0.00510051
0.00513363
0.00512251
0.00506691
0.00496733
0.00482496
0.00464171
0.00442008
0.00416317
0.00387459
0.00355831
0.00321865
0.00286009
0.00248726
0.00210477
0.00171701
0.0013282
0.000944329
0.00057098
0.00018539
-0.000234231
0.0020044
0.00140443
0.000929044
0.000538741
0.000186871
-0.00012781
-0.000406162
-0.000652256
-0.00087004
-0.001063
-0.00123437
-0.00138706
-0.00152368
-0.00164649
-0.0017574
-0.001858
-0.00194955
-0.00203299
-0.00210896
-0.00217779
-0.00223956
-0.00229408
-0.00234093
-0.00237948
-0.00240888
-0.00242816
-0.0024362
-0.00243177
-0.00241357
-0.00238026
-0.00233051
-0.00226298
-0.00217641
-0.00206965
-0.00194165
-0.0017916
-0.00161887
-0.0014231
-0.00120425
-0.000962597
-0.000698774
-0.00041381
-0.000109143
0.000213365
0.000551416
0.000902277
0.00126279
0.00162942
0.00199826
0.00236508
0.0027254
0.00307456
0.00340779
0.00372029
0.00400737
0.0042645
0.00448746
0.00467244
0.0048161
0.00491571
0.00496918
0.00497516
0.00493303
0.004843
0.00470603
0.00452389
0.00429905
0.00403464
0.00373439
0.00340252
0.00304362
0.00266253
0.00226428
0.00185394
0.00143634
0.00101618
0.000600094
0.000194302
-0.000226037
-0.000684622
0.00178411
0.00116014
0.000666253
0.000261216
-0.000103669
-0.000429856
-0.000718406
-0.000973712
-0.00120003
-0.00140112
-0.00158044
-0.00174113
-0.00188596
-0.00201734
-0.00213732
-0.00224757
-0.00234941
-0.00244383
-0.00253147
-0.00261269
-0.00268751
-0.00275573
-0.00281684
-0.00287015
-0.00291471
-0.00294944
-0.00297309
-0.00298431
-0.00298164
-0.00296358
-0.00292859
-0.00287518
-0.00280186
-0.00270727
-0.00259015
-0.00244947
-0.00228437
-0.0020943
-0.00187899
-0.0016385
-0.00137331
-0.00108427
-0.000772694
-0.000440335
-8.94354e-05
0.000277287
0.000656641
0.00104499
0.00143826
0.00183202
0.0022215
0.0026017
0.00296744
0.00331346
0.00363454
0.00392563
0.00418192
0.00439898
0.00457289
0.00470032
0.00477864
0.00480598
0.00478128
0.00470439
0.00457598
0.00439764
0.00417176
0.00390151
0.00359073
0.00324387
0.00286583
0.00246185
0.00203741
0.00159806
0.00114916
0.000695917
0.000245694
-0.000194614
-0.000652067
-0.00115241
0.00150794
0.000861271
0.000349858
-6.91606e-05
-0.000446444
-0.000783667
-0.00108209
-0.00134644
-0.00158125
-0.00179056
-0.00197806
-0.00214709
-0.00230059
-0.00244114
-0.00257087
-0.00269156
-0.00280459
-0.00291097
-0.00301138
-0.00310614
-0.00319527
-0.00327849
-0.00335526
-0.00342478
-0.00348602
-0.00353778
-0.00357869
-0.00360725
-0.00362183
-0.00362075
-0.0036023
-0.00356476
-0.00350645
-0.00342574
-0.00332118
-0.00319145
-0.00303549
-0.00285248
-0.0026419
-0.00240361
-0.00213784
-0.00184526
-0.001527
-0.00118471
-0.000820509
-0.00043709
-3.76513e-05
0.000374089
0.000793925
0.0012172
0.00163888
0.00205359
0.00245571
0.00283952
0.00319922
0.00352915
0.00382384
0.00407822
0.00428766
0.00444817
0.00455647
0.00461008
0.00460744
0.00454792
0.00443186
0.00426061
0.00403642
0.00376247
0.00344272
0.00308184
0.00268507
0.00225806
0.0018068
0.00133738
0.000855724
0.000367613
-0.000118793
-0.000595855
-0.00109302
-0.00163825
0.00117336
0.000505345
-2.25602e-05
-0.000454772
-0.000843813
-0.00119158
-0.00149956
-0.00177275
-0.00201601
-0.00223364
-0.00242953
-0.00260726
-0.00276992
-0.00292023
-0.00306044
-0.00319241
-0.00331757
-0.00343697
-0.00355128
-0.00366083
-0.00376559
-0.00386525
-0.00395918
-0.00404651
-0.00412611
-0.00419665
-0.00425665
-0.00430443
-0.0043382
-0.0043561
-0.00435621
-0.00433659
-0.00429532
-0.00423054
-0.00414052
-0.00402369
-0.00387871
-0.00370449
-0.00350023
-0.00326552
-0.00300033
-0.0027051
-0.00238076
-0.00202876
-0.00165113
-0.00125045
-0.000829908
-0.000393277
5.51206e-05
0.000510431
0.000967327
0.00142008
0.00186262
0.0022887
0.00269192
0.00306595
0.00340461
0.00370206
0.00395291
0.0041524
0.00429648
0.004382
0.00440675
0.00436955
0.00427034
0.00411011
0.00389097
0.00361603
0.00328936
0.00291586
0.0025011
0.0020512
0.00157266
0.00107221
0.000556375
3.15742e-05
-0.00049316
-0.00100937
-0.00154909
-0.00214265
0.000777958
9.00437e-05
-0.000453269
-0.000897856
-0.00129799
-0.00165581
-0.00197297
-0.00225482
-0.00250649
-0.00273251
-0.00293704
-0.00312383
-0.00329617
-0.00345687
-0.00360832
-0.00375244
-0.00389072
-0.00402423
-0.00415366
-0.00427931
-0.00440113
-0.00451874
-0.00463147
-0.00473833
-0.00483811
-0.00492937
-0.00501046
-0.00507956
-0.00513469
-0.0051738
-0.00519476
-0.00519539
-0.00517352
-0.00512703
-0.0050539
-0.00495228
-0.00482051
-0.0046572
-0.00446124
-0.0042319
-0.00396886
-0.00367229
-0.00334284
-0.00298176
-0.0025909
-0.00217273
-0.00173036
-0.00126759
-0.00078882
-0.000299095
0.000195992
0.000690345
0.00117745
0.00165047
0.0021024
0.00252616
0.00291479
0.00326161
0.00356035
0.00380538
0.0039918
0.00411561
0.00417386
0.00416474
0.00408762
0.00394312
0.00373307
0.0034605
0.00312954
0.00274529
0.00231369
0.00184133
0.00133531
0.000803001
0.000251612
-0.000311726
-0.000877025
-0.00143493
-0.00202028
-0.00266597
0.000319523
-0.000386786
-0.000944373
-0.00140048
-0.00181103
-0.00217836
-0.00250436
-0.00279465
-0.00305467
-0.0032892
-0.00350262
-0.00369887
-0.00388139
-0.00405315
-0.00421662
-0.0043738
-0.00452622
-0.004675
-0.00482081
-0.00496395
-0.00510433
-0.00524152
-0.00537478
-0.00550305
-0.00562499
-0.00573905
-0.00584342
-0.00593613
-0.00601502
-0.00607783
-0.00612219
-0.0061457
-0.0061459
-0.0061204
-0.00606687
-0.00598313
-0.00586721
-0.00571735
-0.00553209
-0.00531036
-0.00505149
-0.0047553
-0.00442218
-0.00405308
-0.00364962
-0.0032141
-0.00274953
-0.00225967
-0.00174899
-0.00122266
-0.000686529
-0.000147057
0.000388777
0.000913569
0.00141962
0.00189908
0.00234413
0.00274714
0.00310089
0.00339873
0.00363477
0.00380408
0.00390281
0.00392837
0.00387947
0.00375622
0.0035601
0.00329398
0.00296199
0.00256944
0.00212262
0.00162862
0.00109517
0.000530342
-5.78841e-05
-0.000661605
-0.00126978
-0.00187208
-0.00250636
-0.00320831
-0.000203979
-0.000927103
-0.00149778
-0.00196453
-0.00238478
-0.00276107
-0.00309552
-0.00339406
-0.00366238
-0.00390553
-0.0041281
-0.00433421
-0.00452747
-0.00471096
-0.00488726
-0.00505844
-0.00522607
-0.0053913
-0.00555482
-0.0057169
-0.00587742
-0.00603591
-0.00619156
-0.00634321
-0.00648943
-0.00662852
-0.00675855
-0.00687737
-0.00698263
-0.00707185
-0.00714245
-0.00719174
-0.00721701
-0.00721554
-0.00718468
-0.0071219
-0.00702486
-0.00689141
-0.00671972
-0.00650829
-0.00625608
-0.00596252
-0.00562763
-0.00525204
-0.00483708
-0.00438482
-0.0038981
-0.00338059
-0.00283677
-0.00227191
-0.00169208
-0.00110409
-0.000515369
6.60882e-05
0.000631867
0.00117329
0.0016816
0.00214815
0.00256462
0.00292325
0.00321701
0.00343988
0.00358697
0.00365474
0.00364112
0.00354555
0.00336908
0.0031143
0.00278531
0.00238755
0.00192767
0.00141329
0.000852784
0.000255021
-0.000371204
-0.00101713
-0.00167055
-0.00232006
-0.00300681
-0.00376949
-0.000794378
-0.00153266
-0.0021152
-0.00259168
-0.00302087
-0.00340557
-0.0037481
-0.00405468
-0.00433127
-0.00458316
-0.00481515
-0.00503153
-0.00523608
-0.00543199
-0.00562194
-0.00580807
-0.00599201
-0.00617493
-0.00635752
-0.00654004
-0.00672236
-0.00690395
-0.00708392
-0.00726104
-0.00743376
-0.00760027
-0.00775849
-0.0079061
-0.00804054
-0.00815914
-0.00825905
-0.00833733
-0.00839097
-0.00841691
-0.00841215
-0.0083738
-0.00829909
-0.00818548
-0.00803067
-0.00783274
-0.00759017
-0.00730199
-0.00696777
-0.00658776
-0.00616292
-0.00569503
-0.0051867
-0.00464143
-0.00406365
-0.00345869
-0.00283281
-0.00219309
-0.00154743
-0.000904411
-0.00027319
0.000336684
0.00091545
0.00145335
0.00194087
0.00236896
0.00272935
0.00301472
0.003219
0.00333753
0.00336725
0.00330682
0.00315668
0.00291906
0.00259791
0.00219878
0.00172865
0.00119565
0.000608886
-2.19572e-05
-0.000687175
-0.00137706
-0.00207814
-0.0027778
-0.00352077
-0.00434896
-0.00145328
-0.002205
-0.00279813
-0.00328337
-0.00372075
-0.0041133
-0.00446353
-0.00477794
-0.00506277
-0.00532351
-0.00556518
-0.00579226
-0.00600864
-0.00621766
-0.00642209
-0.00662414
-0.0068255
-0.00702735
-0.00723041
-0.00743493
-0.00764074
-0.00784727
-0.00805358
-0.00825834
-0.00845992
-0.00865636
-0.00884544
-0.00902466
-0.0091913
-0.00934244
-0.00947499
-0.00958573
-0.00967132
-0.00972837
-0.00975352
-0.00974343
-0.00969494
-0.00960501
-0.00947088
-0.00929013
-0.00906074
-0.00878123
-0.00845068
-0.00806889
-0.00763638
-0.00715454
-0.00662569
-0.00605308
-0.00544103
-0.00479484
-0.0041209
-0.00342655
-0.00272011
-0.00201074
-0.00130835
-0.000623387
3.33106e-05
0.000650789
0.00121821
0.00172515
0.00216186
0.00251961
0.00279089
0.00296976
0.00305198
0.00303523
0.00291919
0.00270556
0.00239805
0.00200224
0.00152539
0.000976163
0.000364391
-0.00029933
-0.00100432
-0.00173982
-0.00249096
-0.00324382
-0.00404696
-0.0049458
-0.00218205
-0.00294542
-0.00354782
-0.00404086
-0.00448567
-0.00488549
-0.00524303
-0.00556508
-0.00585809
-0.0061278
-0.00637941
-0.00661757
-0.00684633
-0.00706914
-0.00728887
-0.0075078
-0.00772768
-0.00794972
-0.00817466
-0.00840274
-0.00863377
-0.00886714
-0.00910185
-0.00933649
-0.00956932
-0.00979828
-0.010021
-0.0102348
-0.0104368
-0.0106239
-0.0107926
-0.0109395
-0.0110609
-0.0111531
-0.0112122
-0.0112346
-0.0112166
-0.0111547
-0.0110455
-0.0108861
-0.010674
-0.010407
-0.0100837
-0.00970337
-0.00926602
-0.00877255
-0.00822489
-0.00762598
-0.00697991
-0.00629191
-0.00556839
-0.00481692
-0.00404617
-0.00326588
-0.00248667
-0.00171995
-0.000977666
-0.000272048
0.000384638
0.000980417
0.00150394
0.00194482
0.00229396
0.00254385
0.00268889
0.00272554
0.00265252
0.00247084
0.00218382
0.00179697
0.00131777
0.000755394
0.00012044
-0.000575537
-0.00132079
-0.00210342
-0.002907
-0.00371618
-0.00458365
-0.00555857
-0.00298179
-0.00375499
-0.00436531
-0.00486518
-0.00531665
-0.00572315
-0.00608762
-0.00641707
-0.0067182
-0.00699696
-0.00725875
-0.00750837
-0.00775003
-0.00798729
-0.00822311
-0.00845987
-0.00869936
-0.00894283
-0.00919104
-0.00944423
-0.0097022
-0.0099643
-0.0102295
-0.0104963
-0.0107628
-0.011027
-0.0112862
-0.0115377
-0.0117784
-0.0120048
-0.0122134
-0.0124004
-0.0125617
-0.0126933
-0.0127909
-0.0128503
-0.0128674
-0.0128382
-0.0127587
-0.0126253
-0.012435
-0.012185
-0.0118732
-0.0114982
-0.0110595
-0.0105574
-0.0099933
-0.00936979
-0.00869063
-0.00796086
-0.00718685
-0.00637628
-0.00553815
-0.00468269
-0.00382126
-0.00296619
-0.00213059
-0.00132805
-0.000572352
0.000122837
0.00074438
0.00128004
0.00171888
0.00205162
0.00227099
0.00237201
0.00235219
0.00221165
0.00195314
0.00158196
0.00110572
0.000534095
-0.00012156
-0.000848674
-0.00163434
-0.00246541
-0.00332375
-0.0041924
-0.00512853
-0.00618529
-0.00385334
-0.00463451
-0.00525141
-0.00575711
-0.00621445
-0.00662705
-0.00699803
-0.00733464
-0.00764381
-0.00793169
-0.00820385
-0.00846528
-0.00872031
-0.00897263
-0.00922531
-0.00948078
-0.00974091
-0.010007
-0.0102798
-0.0105597
-0.0108462
-0.0111389
-0.0114366
-0.0117378
-0.0120406
-0.0123426
-0.0126413
-0.0129336
-0.0132163
-0.0134857
-0.013738
-0.0139691
-0.0141747
-0.0143502
-0.0144909
-0.0145922
-0.0146495
-0.014658
-0.0146133
-0.0145112
-0.0143478
-0.0141197
-0.0138242
-0.0134591
-0.0130231
-0.0125161
-0.0119387
-0.0112931
-0.0105825
-0.00981174
-0.008987
-0.00811601
-0.00720798
-0.0062736
-0.0053249
-0.00437515
-0.00343859
-0.00253024
-0.00166552
-0.000859895
-0.000128479
0.000514436
0.00105582
0.00148433
0.00179079
0.00196845
0.00201336
0.00192448
0.00170377
0.00135616
0.000889275
0.000313214
-0.000359902
-0.00111644
-0.00194225
-0.00282281
-0.00373809
-0.0046694
-0.00567866
-0.00682332
-0.00479726
-0.00558453
-0.00620664
-0.00671719
-0.0071796
-0.00759768
-0.00797475
-0.00831826
-0.00863535
-0.00893237
-0.00921508
-0.0094886
-0.00975742
-0.0100254
-0.0102956
-0.0105706
-0.0108523
-0.0111421
-0.0114409
-0.0117487
-0.0120656
-0.0123907
-0.0127229
-0.0130607
-0.0134021
-0.0137446
-0.0140856
-0.0144219
-0.01475
-0.0150661
-0.0153661
-0.0156456
-0.0158997
-0.0161238
-0.0163125
-0.0164609
-0.0165635
-0.0166152
-0.0166109
-0.0165456
-0.0164147
-0.0162141
-0.0159402
-0.0155901
-0.0151618
-0.0146542
-0.0140675
-0.013403
-0.0126634
-0.0118532
-0.0109783
-0.0100464
-0.00906667
-0.00805025
-0.00700976
-0.00595936
-0.00491446
-0.0038915
-0.00290762
-0.00198022
-0.00112655
-0.000363177
0.000294512
0.000832849
0.00124038
0.00150831
0.00163088
0.00160558
0.00143336
0.00111852
0.000668578
9.3941e-05
-0.000592521
-0.00137608
-0.00224125
-0.003172
-0.00414626
-0.00514337
-0.00623037
-0.00746929
-0.00581384
-0.00660533
-0.00723129
-0.00774569
-0.00821238
-0.00863532
-0.00901803
-0.00936814
-0.009693
-0.00999914
-0.0102925
-0.0105783
-0.0108613
-0.0111453
-0.0114336
-0.0117289
-0.0120331
-0.0123476
-0.0126734
-0.0130106
-0.0133592
-0.0137184
-0.014087
-0.0144636
-0.0148459
-0.0152316
-0.0156178
-0.0160012
-0.0163781
-0.0167445
-0.0170961
-0.0174281
-0.0177354
-0.0180127
-0.0182546
-0.0184551
-0.0186087
-0.0187093
-0.0187511
-0.0187286
-0.0186362
-0.0184691
-0.0182228
-0.0178935
-0.0174784
-0.0169754
-0.016384
-0.0157046
-0.0149395
-0.0140923
-0.0131687
-0.0121761
-0.0111238
-0.010023
-0.00888691
-0.0077305
-0.0065703
-0.00542421
-0.00431109
-0.00325043
-0.00226174
-0.0013641
-0.000575502
8.77294e-05
0.000611547
0.000984724
0.00119933
0.00125106
0.00113949
0.000868057
0.00044395
-0.00012223
-0.000816926
-0.00162429
-0.00252743
-0.00350868
-0.0045437
-0.00560968
-0.00677914
-0.00811893
-0.00690301
-0.00769689
-0.00832536
-0.00884262
-0.00931279
-0.00973998
-0.0101279
-0.0104843
-0.0108167
-0.0111318
-0.0114358
-0.0117341
-0.0120314
-0.0123318
-0.0126387
-0.0129548
-0.0132821
-0.0136222
-0.013976
-0.0143438
-0.0147255
-0.0151203
-0.0155271
-0.0159443
-0.0163699
-0.0168011
-0.0172352
-0.0176687
-0.0180977
-0.0185181
-0.0189251
-0.0193138
-0.0196788
-0.0200142
-0.0203142
-0.0205724
-0.0207825
-0.0209378
-0.0210319
-0.0210584
-0.021011
-0.0208838
-0.0206715
-0.0203693
-0.0199734
-0.019481
-0.0188902
-0.0182009
-0.0174144
-0.0165338
-0.0155639
-0.014512
-0.013387
-0.0122005
-0.0109659
-0.00969886
-0.00841706
-0.00713977
-0.00588765
-0.00468228
-0.00354564
-0.00249947
-0.00156467
-0.000760535
-0.000104067
0.000390673
0.000713167
0.000856915
0.000819734
0.000603883
0.000215953
-0.000333437
-0.00103013
-0.00185716
-0.00279617
-0.00382772
-0.004925
-0.0060628
-0.00731949
-0.00876701
-0.00806446
-0.00885892
-0.00948859
-0.0100078
-0.0104806
-0.0109114
-0.011304
-0.0116663
-0.012006
-0.0123301
-0.0126446
-0.0129553
-0.0132671
-0.013584
-0.0139098
-0.014247
-0.014598
-0.0149643
-0.0153469
-0.0157462
-0.016162
-0.0165938
-0.0170403
-0.0175
-0.0179707
-0.0184499
-0.0189344
-0.0194208
-0.019905
-0.0203827
-0.020849
-0.0212985
-0.0217255
-0.0221238
-0.022487
-0.0228082
-0.0230804
-0.0232965
-0.0234491
-0.023531
-0.0235351
-0.0234546
-0.0232831
-0.0230149
-0.022645
-0.0221695
-0.0215857
-0.0208922
-0.0200895
-0.0191797
-0.0181671
-0.0170582
-0.0158617
-0.0145891
-0.0132541
-0.0118729
-0.010464
-0.00904817
-0.00764778
-0.00628658
-0.00498908
-0.00377992
-0.00268311
-0.00172127
-0.000914734
-0.000280838
0.000166862
0.00041919
0.000471783
0.000325317
-1.45332e-05
-0.000537367
-0.00122856
-0.00207009
-0.00304204
-0.00412309
-0.00528372
-0.00649613
-0.00784483
-0.00940718
-0.0092975
-0.0100908
-0.0107205
-0.0112406
-0.0117154
-0.0121492
-0.012546
-0.0129137
-0.0132604
-0.013593
-0.013918
-0.0142409
-0.014567
-0.0149005
-0.0152451
-0.0156038
-0.0159787
-0.0163715
-0.0167835
-0.0172149
-0.0176658
-0.0181356
-0.0186231
-0.0191267
-0.0196443
-0.0201733
-0.0207106
-0.0212524
-0.0217948
-0.022333
-0.0228621
-0.0233762
-0.0238695
-0.0243352
-0.0247665
-0.025156
-0.0254961
-0.0257788
-0.0259962
-0.0261401
-0.0262026
-0.0261757
-0.0260521
-0.0258251
-0.0254883
-0.0250369
-0.0244669
-0.0237757
-0.0229627
-0.0220291
-0.0209783
-0.0198159
-0.0185503
-0.0171925
-0.0157564
-0.0142585
-0.0127182
-0.0111574
-0.00960029
-0.00807268
-0.00660174
-0.00521512
-0.00394023
-0.00280327
-0.00182836
-0.00103654
-0.000444924
-6.5872e-05
9.35599e-05
3.19955e-05
-0.000246202
-0.000731154
-0.00140797
-0.00225762
-0.00325865
-0.00438771
-0.00561234
-0.00690187
-0.00834736
-0.0100318
-0.0106012
-0.0113918
-0.0120202
-0.0125405
-0.0130165
-0.0134527
-0.013853
-0.0142258
-0.0145791
-0.0149198
-0.0152547
-0.0155896
-0.0159297
-0.0162795
-0.0166428
-0.0170226
-0.0174214
-0.017841
-0.0182824
-0.0187464
-0.0192329
-0.0197414
-0.0202708
-0.0208196
-0.0213855
-0.021966
-0.0225579
-0.0231575
-0.0237606
-0.0243622
-0.0249573
-0.0255397
-0.0261032
-0.0266407
-0.0271448
-0.0276076
-0.028021
-0.0283762
-0.0286645
-0.0288769
-0.0290045
-0.0290384
-0.02897
-0.0287915
-0.0284956
-0.0280757
-0.0275269
-0.0268452
-0.0260289
-0.0250778
-0.0239942
-0.022783
-0.0214518
-0.020011
-0.0184744
-0.0168587
-0.0151839
-0.013473
-0.0117517
-0.0100479
-0.00839154
-0.00681332
-0.00534424
-0.00401443
-0.00285214
-0.00188263
-0.00112707
-0.000601621
-0.000316596
-0.000275974
-0.000477184
-0.000911252
-0.00156328
-0.00241338
-0.00343854
-0.0046133
-0.00590203
-0.0072709
-0.00881788
-0.0106319
-0.0119743
-0.0127607
-0.0133869
-0.0139065
-0.014383
-0.014821
-0.0152244
-0.0156016
-0.0159608
-0.0163091
-0.0166534
-0.0169997
-0.0173532
-0.0177188
-0.0181002
-0.0185008
-0.0189231
-0.019369
-0.0198399
-0.0203364
-0.0208586
-0.0214062
-0.021978
-0.0225726
-0.0231879
-0.0238212
-0.0244694
-0.0251286
-0.0257944
-0.0264621
-0.0271259
-0.0277798
-0.0284171
-0.0290303
-0.0296116
-0.0301525
-0.0306443
-0.0310776
-0.0314428
-0.0317301
-0.0319294
-0.0320311
-0.0320253
-0.031903
-0.0316555
-0.0312752
-0.0307554
-0.030091
-0.0292788
-0.0283173
-0.0272076
-0.0259534
-0.0245613
-0.0230411
-0.021406
-0.0196729
-0.0178619
-0.0159971
-0.0141054
-0.012217
-0.0103641
-0.00858078
-0.00690172
-0.00536126
-0.00399216
-0.00282437
-0.00188371
-0.00119075
-0.000759722
-0.000597837
-0.000704891
-0.00107329
-0.00168848
-0.0025299
-0.00357306
-0.00479029
-0.00614255
-0.00759258
-0.00924562
-0.0111968
-0.0134153
-0.0141963
-0.0148193
-0.0153376
-0.015814
-0.016253
-0.0166589
-0.0170399
-0.0174043
-0.0177595
-0.0181124
-0.0184691
-0.0188353
-0.0192157
-0.0196144
-0.020035
-0.02048
-0.0209516
-0.0214513
-0.0219798
-0.0225375
-0.023124
-0.0237383
-0.0243791
-0.0250443
-0.0257312
-0.0264366
-0.0271568
-0.0278872
-0.0286228
-0.0293578
-0.030086
-0.0308001
-0.0314925
-0.0321549
-0.0327784
-0.0333533
-0.0338698
-0.0343175
-0.0346856
-0.0349633
-0.0351395
-0.0352036
-0.035145
-0.0349538
-0.0346209
-0.0341384
-0.0334995
-0.0326995
-0.0317355
-0.0306072
-0.0293167
-0.0278697
-0.026275
-0.024545
-0.0226963
-0.0207492
-0.0187282
-0.0166617
-0.0145814
-0.0125221
-0.0105212
-0.00861702
-0.00684838
-0.00525292
-0.00386572
-0.00271787
-0.00183499
-0.00123597
-0.000931967
-0.000925822
-0.0012119
-0.00177643
-0.00259847
-0.00365215
-0.00490757
-0.00632205
-0.00785458
-0.00961806
-0.011714
-0.0149225
-0.0156971
-0.0163163
-0.0168325
-0.0173083
-0.0177478
-0.0181554
-0.0185394
-0.0189082
-0.0192693
-0.0196297
-0.0199957
-0.0203733
-0.0207673
-0.021182
-0.0216212
-0.0220877
-0.0225839
-0.0231113
-0.0236709
-0.0242632
-0.024888
-0.0255444
-0.0262312
-0.0269462
-0.027687
-0.0284503
-0.0292322
-0.0300283
-0.0308333
-0.0316414
-0.0324459
-0.0332395
-0.0340142
-0.034761
-0.0354707
-0.036133
-0.0367375
-0.0372727
-0.0377273
-0.0380893
-0.0383466
-0.0384873
-0.0384997
-0.0383725
-0.0380952
-0.0376582
-0.0370533
-0.036274
-0.0353159
-0.0341771
-0.0328582
-0.0313634
-0.0297003
-0.0278804
-0.0259196
-0.0238381
-0.0216606
-0.0194163
-0.0171386
-0.0148648
-0.012635
-0.0104916
-0.00847793
-0.00663677
-0.00500883
-0.00363102
-0.00253474
-0.00174428
-0.00127559
-0.00113532
-0.00132048
-0.00181866
-0.0026089
-0.00366418
-0.00495233
-0.00642683
-0.00804266
-0.00992068
-0.012169
-0.016494
-0.0172614
-0.0178762
-0.0183901
-0.0188646
-0.019304
-0.0197126
-0.0200987
-0.0204708
-0.0208365
-0.021203
-0.021577
-0.0219642
-0.0223701
-0.0227991
-0.0232552
-0.0237414
-0.0242604
-0.0248139
-0.0254031
-0.0260287
-0.0266905
-0.027388
-0.0281199
-0.0288843
-0.0296786
-0.0304996
-0.0313436
-0.0322059
-0.0330812
-0.0339635
-0.034846
-0.035721
-0.0365802
-0.0374142
-0.0382132
-0.0389666
-0.0396629
-0.0402903
-0.0408363
-0.041288
-0.0416324
-0.0418562
-0.0419466
-0.0418908
-0.0416767
-0.0412934
-0.0407309
-0.0399811
-0.0390377
-0.0378971
-0.0365583
-0.0350238
-0.0332997
-0.0313963
-0.0293285
-0.027116
-0.0247834
-0.0223605
-0.019882
-0.0173871
-0.0149189
-0.0125235
-0.010249
-0.00814342
-0.00625354
-0.00462265
-0.00328863
-0.00228205
-0.00162448
-0.0013273
-0.00139099
-0.00180517
-0.00254939
-0.00359571
-0.00490983
-0.00644118
-0.0081404
-0.0101367
-0.0125451
-0.0181275
-0.0188875
-0.0194976
-0.0200088
-0.0204816
-0.0209203
-0.0213291
-0.0217164
-0.0220905
-0.0224593
-0.0228302
-0.02321
-0.0236049
-0.0240204
-0.0244614
-0.0249321
-0.0254357
-0.0259752
-0.0265525
-0.0271692
-0.027826
-0.0285231
-0.02926
-0.0300356
-0.030848
-0.0316949
-0.032573
-0.0334786
-0.034407
-0.0353529
-0.0363099
-0.0372712
-0.0382289
-0.0391741
-0.0400973
-0.0409881
-0.0418353
-0.0426269
-0.0433501
-0.0439917
-0.044538
-0.0449746
-0.0452874
-0.045462
-0.0454844
-0.0453411
-0.0450193
-0.0445075
-0.0437958
-0.0428761
-0.0417428
-0.0403931
-0.0388277
-0.037051
-0.0350717
-0.0329035
-0.0305651
-0.0280807
-0.0254804
-0.0227995
-0.0200791
-0.0173649
-0.0147067
-0.0121569
-0.00976922
-0.00759675
-0.00568968
-0.00409309
-0.00284466
-0.00197258
-0.00149393
-0.00141364
-0.00172415
-0.00240618
-0.0034313
-0.00476316
-0.00634707
-0.00812904
-0.010247
-0.0128229
-0.019821
-0.0205736
-0.021179
-0.0216873
-0.0221582
-0.0225956
-0.0230037
-0.0233908
-0.0237654
-0.0241355
-0.0245087
-0.024892
-0.0252919
-0.0257143
-0.0261643
-0.0266465
-0.0271646
-0.0277216
-0.0283199
-0.0289612
-0.0296466
-0.0303764
-0.0311504
-0.0319675
-0.0328262
-0.0337239
-0.0346578
-0.0356239
-0.0366176
-0.0376334
-0.038665
-0.0397052
-0.040746
-0.0417781
-0.0427917
-0.0437759
-0.044719
-0.0456082
-0.0464302
-0.0471709
-0.0478155
-0.0483489
-0.0487556
-0.0490201
-0.0491268
-0.0490609
-0.048808
-0.0483548
-0.0476895
-0.0468022
-0.0456853
-0.0443341
-0.0427471
-0.0409269
-0.0388804
-0.0366196
-0.034162
-0.0315311
-0.0287564
-0.0258739
-0.0229259
-0.0199604
-0.0170303
-0.0141926
-0.0115066
-0.00903185
-0.00682594
-0.00494179
-0.00342506
-0.0023116
-0.00162529
-0.00137657
-0.00156172
-0.00216337
-0.00315316
-0.00449299
-0.00612393
-0.00798713
-0.0102296
-0.0129803
-0.021572
-0.0223178
-0.0229188
-0.0234244
-0.0238932
-0.0243288
-0.0247352
-0.0251207
-0.025494
-0.0258631
-0.0262358
-0.0266196
-0.0270214
-0.0274472
-0.0279028
-0.0283928
-0.0289216
-0.0294924
-0.0301081
-0.0307705
-0.0314811
-0.0322404
-0.0330484
-0.0339042
-0.0348065
-0.0357528
-0.0367403
-0.037765
-0.0388224
-0.039907
-0.0410122
-0.0421307
-0.0432542
-0.0443734
-0.0454777
-0.0465561
-0.0475961
-0.0485845
-0.0495073
-0.0503495
-0.0510955
-0.0517291
-0.0522338
-0.0525927
-0.0527891
-0.0528064
-0.0526288
-0.0522413
-0.0516302
-0.0507837
-0.0496921
-0.0483486
-0.0467496
-0.0448954
-0.0427911
-0.0404467
-0.037878
-0.0351073
-0.0321633
-0.0290821
-0.0259067
-0.0226867
-0.0194781
-0.0163421
-0.0133434
-0.0105481
-0.00802151
-0.00582506
-0.00401324
-0.00263057
-0.00170893
-0.0012655
-0.00130153
-0.00180256
-0.00274095
-0.00407725
-0.00574835
-0.00769027
-0.0100595
-0.0129921
-0.0233782
-0.0241183
-0.0247159
-0.0252191
-0.0256856
-0.0261188
-0.0265224
-0.0269048
-0.0272745
-0.0276399
-0.0280091
-0.0283898
-0.0287895
-0.0292146
-0.0296713
-0.0301648
-0.0306998
-0.03128
-0.0319085
-0.0325878
-0.0333194
-0.0341042
-0.0349424
-0.0358335
-0.036776
-0.0377678
-0.0388061
-0.039887
-0.0410058
-0.0421571
-0.0433342
-0.0445296
-0.0457348
-0.04694
-0.0481347
-0.049307
-0.0504442
-0.0515324
-0.052557
-0.0535021
-0.0543514
-0.0550877
-0.0556933
-0.0561502
-0.0564404
-0.0565458
-0.0564491
-0.0561335
-0.0555836
-0.0547855
-0.0537275
-0.0524005
-0.0507988
-0.0489204
-0.0467681
-0.0443496
-0.0416789
-0.0387766
-0.0356702
-0.0323951
-0.0289946
-0.0255195
-0.0220284
-0.0185861
-0.0152623
-0.0121299
-0.00926218
-0.00672939
-0.00459567
-0.00291532
-0.00172946
-0.00106334
-0.0009245
-0.00130252
-0.0021714
-0.00349087
-0.00519374
-0.0072108
-0.00970841
-0.0128297
-0.0252375
-0.0259737
-0.0265691
-0.0270706
-0.027535
-0.0279652
-0.0283648
-0.028742
-0.0291055
-0.0294639
-0.0298258
-0.0301992
-0.0305921
-0.0310116
-0.0314643
-0.031956
-0.0324918
-0.0330761
-0.0337123
-0.0344032
-0.0351509
-0.0359565
-0.0368204
-0.0377423
-0.0387211
-0.0397546
-0.0408401
-0.0419739
-0.0431512
-0.0443665
-0.045613
-0.0468831
-0.048168
-0.0494577
-0.0507413
-0.0520066
-0.0532402
-0.0544279
-0.0555542
-0.0566028
-0.0575561
-0.0583963
-0.0591046
-0.0596619
-0.0600489
-0.0602461
-0.0602346
-0.059996
-0.059513
-0.05877
-0.0577529
-0.0564507
-0.0548551
-0.0529619
-0.0507712
-0.0482886
-0.0455257
-0.0425009
-0.0392403
-0.035778
-0.0321569
-0.0284286
-0.0246533
-0.020899
-0.0172404
-0.0137566
-0.0105289
-0.00763676
-0.00515479
-0.003148
-0.00166806
-0.000749737
-0.000408335
-0.000638828
-0.00141797
-0.00270536
-0.00443004
-0.00651742
-0.00914419
-0.0124606
-0.0271478
-0.0278828
-0.0284777
-0.0289785
-0.029441
-0.0298677
-0.0302619
-0.0306316
-0.0309858
-0.0313334
-0.0316834
-0.0320444
-0.032425
-0.032833
-0.0332756
-0.0337593
-0.0342898
-0.0348719
-0.0355097
-0.0362064
-0.0369644
-0.0377853
-0.0386696
-0.0396174
-0.0406276
-0.0416984
-0.0428269
-0.0440096
-0.0452417
-0.0465175
-0.0478303
-0.0491722
-0.0505341
-0.0519059
-0.0532763
-0.0546325
-0.055961
-0.0572468
-0.0584739
-0.059625
-0.0606822
-0.0616265
-0.0624381
-0.0630968
-0.0635822
-0.0638734
-0.0639501
-0.0637923
-0.0633808
-0.0626981
-0.0617283
-0.0604579
-0.0588763
-0.0569769
-0.0547572
-0.0522202
-0.049375
-0.0462375
-0.0428317
-0.0391902
-0.0353549
-0.0313772
-0.0273185
-0.0232495
-0.0192488
-0.0154016
-0.011797
-0.00852417
-0.00566841
-0.00330651
-0.00150198
-0.000300615
0.000272857
0.000216518
-0.000450441
-0.00168848
-0.00342324
-0.00557486
-0.00833074
-0.0118483
-0.0291074
-0.0298448
-0.0304416
-0.0309431
-0.0314042
-0.0318268
-0.0322138
-0.0325734
-0.0329146
-0.0332468
-0.0335795
-0.0339222
-0.034284
-0.0346737
-0.0350991
-0.0355676
-0.0360855
-0.0366584
-0.0372908
-0.0379865
-0.0387482
-0.039578
-0.0404768
-0.0414447
-0.042481
-0.0435838
-0.0447506
-0.0459776
-0.0472602
-0.0485925
-0.0499677
-0.0513777
-0.0528133
-0.0542641
-0.0557182
-0.0571627
-0.0585836
-0.0599651
-0.0612909
-0.062543
-0.0637025
-0.0647497
-0.065664
-0.066424
-0.0670081
-0.0673942
-0.0675606
-0.0674857
-0.0671488
-0.0665303
-0.0656124
-0.0643794
-0.0628185
-0.0609204
-0.05868
-0.0560977
-0.0531797
-0.0499394
-0.0463981
-0.0425864
-0.0385444
-0.0343231
-0.029984
-0.0255996
-0.0212521
-0.0170322
-0.0130363
-0.00936307
-0.0061092
-0.00336399
-0.001204
0.000312305
0.00114905
0.00129558
0.000765464
-0.000403781
-0.00213507
-0.00434338
-0.00722737
-0.0109516
-0.031115
-0.0318595
-0.0324615
-0.0329654
-0.0334256
-0.0338434
-0.0342214
-0.0345675
-0.0348914
-0.0352027
-0.0355119
-0.0358292
-0.0361647
-0.0365281
-0.0369282
-0.0373733
-0.0378704
-0.0384259
-0.039045
-0.039732
-0.0404902
-0.0413219
-0.0422284
-0.0432101
-0.0442664
-0.0453956
-0.0465952
-0.0478615
-0.0491896
-0.0505738
-0.052007
-0.053481
-0.0549862
-0.056512
-0.0580462
-0.0595756
-0.0610854
-0.0625596
-0.0639811
-0.0653313
-0.0665907
-0.0677387
-0.0687537
-0.0696134
-0.0702951
-0.0707755
-0.0710316
-0.0710402
-0.0707791
-0.070227
-0.0693641
-0.0681725
-0.0666372
-0.0647463
-0.0624923
-0.0598725
-0.0568904
-0.0535564
-0.0498891
-0.0459163
-0.0416762
-0.0372182
-0.0326035
-0.0279055
-0.023209
-0.0186094
-0.0142101
-0.010119
-0.00644416
-0.00328824
-0.000741938
0.00112204
0.00225478
0.00263492
0.00226859
0.00118982
-0.000522456
-0.00277836
-0.00578849
-0.00972437
-0.0331699
-0.0339274
-0.0345386
-0.0350472
-0.0355074
-0.0359197
-0.0362862
-0.0366151
-0.0369163
-0.0372003
-0.0374785
-0.0377622
-0.0380627
-0.0383906
-0.0387562
-0.0391684
-0.0396355
-0.0401646
-0.0407616
-0.0414314
-0.0421779
-0.0430038
-0.0439107
-0.0448992
-0.0459689
-0.0471183
-0.0483448
-0.0496446
-0.051013
-0.052444
-0.0539303
-0.0554636
-0.0570339
-0.0586304
-0.0602405
-0.0618504
-0.0634451
-0.0650081
-0.0665215
-0.0679662
-0.0693219
-0.0705673
-0.0716798
-0.0726365
-0.0734132
-0.0739859
-0.07433
-0.0744211
-0.0742354
-0.0737499
-0.072943
-0.0717949
-0.0702881
-0.0684086
-0.066146
-0.063495
-0.060456
-0.0570364
-0.0532516
-0.0491267
-0.044697
-0.04001
-0.0351256
-0.0301173
-0.0250717
-0.0200879
-0.0152754
-0.010751
-0.00663427
-0.00304131
-7.81193e-05
0.00216684
0.00362966
0.00427613
0.00410283
0.00313855
0.00146295
-0.000829817
-0.00396299
-0.00811504
-0.0352724
-0.0360502
-0.0366756
-0.0371917
-0.0376528
-0.0380586
-0.0384108
-0.0387178
-0.0389901
-0.0392392
-0.0394777
-0.0397183
-0.0399735
-0.0402556
-0.0405759
-0.0409448
-0.0413715
-0.041864
-0.0424292
-0.0430726
-0.0437986
-0.0446103
-0.0455096
-0.0464975
-0.0475737
-0.0487366
-0.0499836
-0.0513111
-0.0527141
-0.0541864
-0.0557206
-0.057308
-0.0589385
-0.0606008
-0.0622819
-0.0639678
-0.0656428
-0.0672898
-0.0688905
-0.0704252
-0.0718728
-0.0732112
-0.0744172
-0.0754666
-0.0763347
-0.0769959
-0.0774248
-0.0775956
-0.0774831
-0.0770626
-0.0763109
-0.075206
-0.0737287
-0.0718623
-0.0695941
-0.0669159
-0.0638252
-0.0603261
-0.0564311
-0.0521617
-0.0475504
-0.0426419
-0.0374942
-0.03218
-0.0267867
-0.021416
-0.0161828
-0.011212
-0.0066341
-0.00257906
0.000831096
0.00349072
0.00531892
0.00626635
0.00631768
0.00549437
0.00387534
0.00155821
-0.00169378
-0.00606601
-0.0374234
-0.0382308
-0.0388766
-0.0394035
-0.0398667
-0.0402647
-0.040599
-0.0408784
-0.0411143
-0.0413196
-0.0415081
-0.0416944
-0.0418929
-0.0421172
-0.0423803
-0.0426939
-0.0430687
-0.0435136
-0.0440363
-0.0446432
-0.0453392
-0.0461278
-0.0470113
-0.0479907
-0.0490659
-0.0502354
-0.0514966
-0.0528455
-0.0542772
-0.0557851
-0.0573617
-0.0589979
-0.0606834
-0.0624062
-0.0641533
-0.06591
-0.0676601
-0.069386
-0.0710689
-0.0726882
-0.0742225
-0.0756486
-0.0769427
-0.0780798
-0.079034
-0.079779
-0.080288
-0.080534
-0.0804905
-0.0801315
-0.0794318
-0.0783679
-0.0769184
-0.0750645
-0.072791
-0.0700872
-0.0669474
-0.0633729
-0.0593725
-0.0549646
-0.0501781
-0.0450546
-0.0396497
-0.0340343
-0.0282954
-0.0225366
-0.0168769
-0.0114483
-0.00639173
-0.00185087
0.00203571
0.00514391
0.00737393
0.00865885
0.0089688
0.00831553
0.00677535
0.00444829
0.00108289
-0.00351308
-0.0396256
-0.0404739
-0.0411475
-0.0416891
-0.0421555
-0.0425442
-0.0428562
-0.0431011
-0.0432916
-0.0434422
-0.0435689
-0.0436881
-0.0438163
-0.0439692
-0.0441616
-0.044407
-0.0447171
-0.0451023
-0.0455712
-0.0461308
-0.0467867
-0.0475429
-0.0484018
-0.0493647
-0.0504313
-0.0516004
-0.052869
-0.0542331
-0.0556874
-0.0572253
-0.0588387
-0.0605183
-0.0622533
-0.0640314
-0.065839
-0.067661
-0.0694807
-0.0712799
-0.0730392
-0.0747375
-0.0763524
-0.0778603
-0.0792364
-0.0804549
-0.081489
-0.0823115
-0.0828944
-0.0832096
-0.0832294
-0.0829261
-0.0822733
-0.0812458
-0.0798201
-0.0779755
-0.0756944
-0.0729635
-0.0697745
-0.0661255
-0.0620219
-0.0574787
-0.0525212
-0.0471875
-0.0415301
-0.0356173
-0.0295351
-0.0233875
-0.0172965
-0.0114001
-0.00584877
-0.000799486
0.0035924
0.0071833
0.0098527
0.0115136
0.0121187
0.0116673
0.0102308
0.00791032
0.00443816
-0.00038478
-0.0418834
-0.0427864
-0.0434966
-0.0440576
-0.0445283
-0.0449052
-0.0451894
-0.0453913
-0.0455255
-0.0456088
-0.0456594
-0.0456966
-0.0457392
-0.0458055
-0.0459123
-0.0460747
-0.0463064
-0.0466188
-0.0470216
-0.0475227
-0.0481281
-0.0488421
-0.0496675
-0.0506056
-0.0516562
-0.0528177
-0.0540871
-0.0554602
-0.0569313
-0.0584934
-0.0601381
-0.0618556
-0.0636347
-0.0654627
-0.0673254
-0.0692071
-0.0710907
-0.0729574
-0.074787
-0.0765579
-0.0782469
-0.0798299
-0.0812811
-0.0825739
-0.0836808
-0.0845733
-0.0852226
-0.0855996
-0.0856751
-0.0854203
-0.0848072
-0.083809
-0.0824007
-0.0805594
-0.0782655
-0.0755031
-0.0722615
-0.0685355
-0.0643277
-0.0596492
-0.0545219
-0.04898
-0.0430724
-0.0368645
-0.03044
-0.0239025
-0.0173755
-0.0110019
-0.00494059
0.000638989
0.00556474
0.00967285
0.0128204
0.0148978
0.0158374
0.0156227
0.0143177
0.0120224
0.00845144
0.00339846
-0.0442033
-0.0451777
-0.0459355
-0.046521
-0.0469969
-0.0473587
-0.0476078
-0.0477562
-0.047821
-0.0478216
-0.0477797
-0.0477176
-0.0476573
-0.0476196
-0.047624
-0.0476877
-0.0478259
-0.0480516
-0.0483755
-0.0488061
-0.0493502
-0.0500122
-0.0507952
-0.0517004
-0.0527274
-0.0538745
-0.0551384
-0.0565145
-0.0579966
-0.0595775
-0.0612481
-0.0629983
-0.0648162
-0.0666887
-0.068601
-0.0705369
-0.0724785
-0.0744066
-0.0763002
-0.0781371
-0.0798935
-0.0815443
-0.0830631
-0.0844225
-0.0855939
-0.0865482
-0.0872553
-0.0876851
-0.0878073
-0.0875919
-0.0870094
-0.0860316
-0.0846317
-0.0827851
-0.0804702
-0.0776688
-0.0743677
-0.070559
-0.066242
-0.0614245
-0.0561248
-0.0503731
-0.0442145
-0.0377108
-0.0309429
-0.0240126
-0.0170441
-0.0101835
-0.00359684
0.00253484
0.0080232
0.0126838
0.0163499
0.0188868
0.0202031
0.0202634
0.0191208
0.016872
0.0132114
0.00792523
-0.0465949
-0.0476613
-0.0484791
-0.0490949
-0.0495764
-0.0499186
-0.0501232
-0.050205
-0.0501842
-0.0500841
-0.0499303
-0.0497489
-0.0495657
-0.0494047
-0.0492882
-0.0492358
-0.0492645
-0.0493887
-0.0496202
-0.0499684
-0.0504401
-0.0510404
-0.0517722
-0.0526365
-0.0536328
-0.0547589
-0.0560113
-0.0573847
-0.0588727
-0.0604671
-0.0621587
-0.0639366
-0.0657884
-0.0677002
-0.0696569
-0.0716414
-0.0736353
-0.0756186
-0.0775698
-0.079466
-0.0812825
-0.0829936
-0.084572
-0.0859895
-0.0872168
-0.0882235
-0.0889789
-0.0894516
-0.0896102
-0.0894235
-0.0888608
-0.0878923
-0.0864896
-0.0846267
-0.0822798
-0.0794288
-0.0760579
-0.0721568
-0.0677219
-0.0627576
-0.0572785
-0.0513112
-0.0448967
-0.0380926
-0.0309765
-0.0236478
-0.0162299
-0.00887086
-0.00174236
0.00496421
0.011045
0.0162949
0.0205219
0.0235643
0.0253035
0.0256807
0.0247351
0.0225568
0.0188172
0.0132943
-0.0490718
-0.0502548
-0.0511477
-0.0517999
-0.0522866
-0.0526024
-0.0527505
-0.0527492
-0.0526231
-0.0524005
-0.0521119
-0.0517882
-0.0514595
-0.0511537
-0.0508959
-0.0507086
-0.0506107
-0.050618
-0.0507433
-0.0509967
-0.0513854
-0.0519144
-0.0525864
-0.0534024
-0.0543613
-0.0554605
-0.0566958
-0.0580615
-0.0595505
-0.0611539
-0.0628619
-0.0646629
-0.0665439
-0.0684904
-0.0704863
-0.0725141
-0.0745546
-0.0765872
-0.0785897
-0.0805382
-0.0824075
-0.0841711
-0.0858009
-0.0872677
-0.0885414
-0.0895908
-0.090384
-0.0908887
-0.0910723
-0.0909024
-0.0903471
-0.0893751
-0.0879566
-0.0860639
-0.0836714
-0.0807571
-0.077303
-0.0732963
-0.0687305
-0.0636072
-0.0579373
-0.0517438
-0.0450633
-0.0379496
-0.0304761
-0.022739
-0.0148601
-0.00698789
0.000701638
0.00800824
0.0147136
0.020592
0.0254258
0.0290233
0.0312358
0.0319771
0.0312674
0.0291869
0.0253803
0.0196163
-0.0516524
-0.0529822
-0.0539677
-0.0546628
-0.0551527
-0.0554326
-0.0555083
-0.0554031
-0.0551474
-0.0547762
-0.0543259
-0.0538333
-0.0533335
-0.0528586
-0.0524375
-0.0520951
-0.0518526
-0.051727
-0.0517323
-0.0518787
-0.0521737
-0.0526222
-0.0532267
-0.0539875
-0.054903
-0.05597
-0.0571835
-0.0585371
-0.0600229
-0.0616314
-0.0633519
-0.065172
-0.067078
-0.0690546
-0.0710851
-0.0731512
-0.075233
-0.077309
-0.0793563
-0.0813504
-0.0832652
-0.0850733
-0.086746
-0.0882531
-0.0895635
-0.0906452
-0.0914652
-0.0919903
-0.0921866
-0.0920206
-0.091459
-0.0904693
-0.0890203
-0.0870824
-0.0846285
-0.0816347
-0.0780808
-0.0739517
-0.0692384
-0.0639394
-0.0580625
-0.0516268
-0.0446651
-0.0372268
-0.029381
-0.0212202
-0.0128632
-0.00445839
0.00381582
0.0117517
0.0191177
0.0256682
0.031159
0.0353668
0.0381089
0.0392669
0.0388375
0.0368863
0.0330262
0.0270151
-0.054362
-0.055875
-0.0569737
-0.0577177
-0.0582065
-0.0584371
-0.0584194
-0.0581838
-0.0577689
-0.0572174
-0.0565738
-0.0558815
-0.0551816
-0.0545111
-0.0539025
-0.0533837
-0.0529777
-0.0527031
-0.0525743
-0.0526019
-0.0527933
-0.053153
-0.0536828
-0.0543824
-0.0552495
-0.0562798
-0.0574677
-0.0588057
-0.0602849
-0.0618952
-0.0636248
-0.0654606
-0.067388
-0.0693909
-0.0714518
-0.0735515
-0.0756694
-0.0777833
-0.0798693
-0.0819023
-0.0838552
-0.0857
-0.0874069
-0.088945
-0.0902822
-0.0913855
-0.092221
-0.0927543
-0.0929504
-0.0927746
-0.0921923
-0.0911696
-0.0896739
-0.0876739
-0.0851409
-0.082049
-0.0783762
-0.074105
-0.0692239
-0.0637287
-0.0576239
-0.0509251
-0.0436611
-0.035877
-0.0276375
-0.0190307
-0.0101722
-0.00120853
0.00768049
0.0162813
0.0243503
0.0316227
0.0378276
0.042708
0.0460437
0.047679
0.0475812
0.0457957
0.0418973
0.0356309
-0.0572346
-0.0589755
-0.0602107
-0.0610089
-0.0614886
-0.0616508
-0.061512
-0.0611123
-0.0605012
-0.0597315
-0.0588572
-0.0579298
-0.0569972
-0.0561016
-0.0552796
-0.0545618
-0.0539731
-0.0535332
-0.0532567
-0.0531543
-0.053233
-0.0534963
-0.0539455
-0.0545791
-0.0553937
-0.056384
-0.0575433
-0.0588631
-0.0603334
-0.061943
-0.0636793
-0.065528
-0.0674738
-0.0694996
-0.0715871
-0.0737162
-0.0758654
-0.0780118
-0.0801307
-0.0821959
-0.0841799
-0.0860535
-0.0877861
-0.0893459
-0.0906999
-0.0918141
-0.0926535
-0.0931825
-0.0933652
-0.0931655
-0.0925474
-0.0914758
-0.0899163
-0.0878363
-0.0852052
-0.0819952
-0.0781823
-0.0737468
-0.0686748
-0.0629591
-0.0566014
-0.0496136
-0.0420206
-0.0338632
-0.0252015
-0.016119
-0.00672722
0.00283002
0.0123727
0.0216828
0.0305062
0.0385597
0.0455453
0.0511709
0.0551747
0.0573582
0.0576523
0.0560756
0.0521565
0.0456232
-0.0603163
-0.0623392
-0.063738
-0.0645934
-0.0650505
-0.0651172
-0.0648202
-0.0642134
-0.0633602
-0.0623265
-0.0611774
-0.0599742
-0.0587722
-0.0576193
-0.0565561
-0.0556159
-0.054825
-0.0542038
-0.0537668
-0.0535243
-0.0534821
-0.0536431
-0.0540068
-0.0545707
-0.0553301
-0.0562784
-0.0574074
-0.0587074
-0.0601673
-0.0617747
-0.0635159
-0.0653756
-0.0673374
-0.0693833
-0.0714941
-0.0736487
-0.075825
-0.0779989
-0.080145
-0.0822363
-0.0842442
-0.0861389
-0.0878888
-0.0894611
-0.090822
-0.0919363
-0.092768
-0.0932805
-0.0934364
-0.0931985
-0.0925296
-0.0913927
-0.0897522
-0.0875737
-0.0848247
-0.0814757
-0.0775003
-0.0728767
-0.0675884
-0.0616254
-0.0549862
-0.0476793
-0.0397255
-0.0311611
-0.0220416
-0.0124453
-0.00247926
0.00771627
0.0179623
0.0280378
0.0376793
0.0465861
0.0544329
0.0608904
0.0656513
0.0684678
0.0692269
0.0679111
0.0639919
0.0571753
-0.0636689
-0.0660405
-0.0676331
-0.0685447
-0.068957
-0.0688899
-0.0683853
-0.0675161
-0.0663637
-0.0650104
-0.0635348
-0.0620091
-0.0604967
-0.0590515
-0.0577178
-0.0565311
-0.0555187
-0.0547009
-0.0540918
-0.0537002
-0.0535308
-0.0535846
-0.0538598
-0.0543521
-0.055055
-0.0559604
-0.0570586
-0.0583385
-0.0597876
-0.0613922
-0.0631374
-0.0650068
-0.0669829
-0.0690467
-0.071178
-0.0733549
-0.0755541
-0.0777509
-0.0799189
-0.0820302
-0.0840555
-0.0859638
-0.0877227
-0.0892987
-0.0906568
-0.0917607
-0.0925734
-0.0930571
-0.0931733
-0.0928833
-0.0921485
-0.0909304
-0.0891918
-0.0868964
-0.08401
-0.0805008
-0.0763403
-0.0715041
-0.0659731
-0.0597343
-0.0527828
-0.0451233
-0.0367725
-0.0277621
-0.0181422
-0.00798589
0.00260529
0.0134953
0.0245075
0.0354191
0.0459586
0.0558084
0.0646158
0.0720119
0.0776392
0.0811933
0.0825075
0.0815179
0.0776232
0.0705003
-0.0673765
-0.0701787
-0.0719981
-0.0729576
-0.0732901
-0.0730349
-0.0722566
-0.0710536
-0.0695309
-0.0677907
-0.0659278
-0.0640263
-0.0621581
-0.0603828
-0.058748
-0.0572906
-0.0560381
-0.0550098
-0.0542182
-0.0536706
-0.0533694
-0.0533135
-0.0534989
-0.0539191
-0.054566
-0.0554292
-0.0564976
-0.0577582
-0.0591972
-0.0607994
-0.0625485
-0.0644271
-0.0664165
-0.0684966
-0.0706461
-0.0728423
-0.075061
-0.0772764
-0.0794612
-0.0815869
-0.083623
-0.0855378
-0.0872981
-0.0888691
-0.090215
-0.0912985
-0.0920814
-0.0925247
-0.0925887
-0.0922334
-0.0914185
-0.0901041
-0.0882511
-0.0858215
-0.0827789
-0.0790892
-0.0747215
-0.0696488
-0.0638487
-0.0573053
-0.0500097
-0.0419625
-0.0331758
-0.0236761
-0.0135075
-0.0027371
0.00853983
0.0201929
0.0320488
0.0438847
0.0554224
0.0663283
0.0762211
0.0846899
0.0913214
0.0957452
0.0977297
0.0971499
0.0933116
0.0858505
-0.0715536
-0.0748875
-0.0769682
-0.0779552
-0.0781532
-0.0776329
-0.0764918
-0.0748627
-0.072881
-0.0706729
-0.0683513
-0.0660134
-0.0637395
-0.061594
-0.0596269
-0.0578752
-0.0563651
-0.0551141
-0.0541323
-0.0534239
-0.0529886
-0.0528225
-0.052919
-0.053269
-0.0538619
-0.0546855
-0.0557263
-0.0569698
-0.0584004
-0.0600016
-0.0617555
-0.0636436
-0.0656458
-0.0677412
-0.0699073
-0.0721203
-0.0743552
-0.0765853
-0.0787825
-0.0809172
-0.0829582
-0.0848729
-0.0866271
-0.0881851
-0.08951
-0.0905637
-0.0913068
-0.091699
-0.0916994
-0.0912665
-0.0903586
-0.0889342
-0.0869522
-0.0843725
-0.0811566
-0.0772681
-0.0726731
-0.0673417
-0.0612481
-0.0543725
-0.0467019
-0.038232
-0.0289695
-0.0189348
-0.00816521
0.00327954
0.0153118
0.0278085
0.0406017
0.0534703
0.0661311
0.0782352
0.0893721
0.0990854
0.106898
0.112364
0.11517
0.115111
0.111372
0.103529
-0.0763575
-0.0803487
-0.0827236
-0.0836967
-0.083676
-0.0827812
-0.081157
-0.0789826
-0.0764312
-0.0736572
-0.0707939
-0.0679514
-0.0652176
-0.0626603
-0.0603297
-0.0582613
-0.0564787
-0.0549957
-0.0538185
-0.0529476
-0.0523789
-0.052105
-0.0521159
-0.0523996
-0.0529428
-0.0537308
-0.054748
-0.055978
-0.0574033
-0.0590058
-0.0607663
-0.0626648
-0.0646802
-0.0667903
-0.0689717
-0.0711997
-0.0734481
-0.0756895
-0.0778949
-0.0800338
-0.0820743
-0.0839826
-0.0857239
-0.0872616
-0.0885578
-0.0895732
-0.0902674
-0.0905991
-0.0905259
-0.0900049
-0.088993
-0.0874467
-0.0853233
-0.0825804
-0.0791771
-0.0750742
-0.070235
-0.064626
-0.0582177
-0.0509856
-0.042912
-0.0339868
-0.0242103
-0.0135952
-0.00217088
0.0100123
0.0228765
0.0363082
0.050148
0.0641791
0.0781162
0.0915966
0.10418
0.11536
0.124587
0.131323
0.135154
0.135772
0.132194
0.12391
-0.0820075
-0.0868121
-0.0895061
-0.0903891
-0.0900201
-0.0885947
-0.0863249
-0.0834507
-0.0801917
-0.0767348
-0.073234
-0.0698113
-0.06656
-0.0635485
-0.0608248
-0.0584203
-0.0563536
-0.0546329
-0.0532593
-0.0522279
-0.05153
-0.0511537
-0.0510852
-0.0513092
-0.0518092
-0.0525678
-0.0535671
-0.0547884
-0.0562127
-0.0578199
-0.0595896
-0.0615004
-0.06353
-0.065655
-0.067851
-0.0700924
-0.0723522
-0.074602
-0.076812
-0.0789509
-0.0809859
-0.0828827
-0.0846052
-0.0861163
-0.0873769
-0.0883469
-0.0889848
-0.0892481
-0.0890932
-0.0884758
-0.0873511
-0.0856741
-0.0833999
-0.080484
-0.0768829
-0.0725545
-0.0674587
-0.0615581
-0.0548189
-0.0472116
-0.0387123
-0.0293043
-0.0189799
-0.00774293
0.00438786
0.0173738
0.0311499
0.0456159
0.0606251
0.07597
0.0913676
0.106445
0.120732
0.133668
0.144619
0.152934
0.158074
0.159589
0.156266
0.147464
-0.0888139
-0.094626
-0.0976425
-0.0983004
-0.0973841
-0.0952051
-0.0920697
-0.0882962
-0.084159
-0.0798802
-0.0756329
-0.071548
-0.0677199
-0.0642135
-0.0610707
-0.0583154
-0.0559581
-0.0539995
-0.0524334
-0.0512483
-0.0504296
-0.0499604
-0.0498222
-0.0499959
-0.0504616
-0.0511991
-0.0521878
-0.0534071
-0.0548359
-0.0564525
-0.058235
-0.0601607
-0.0622061
-0.0643468
-0.0665575
-0.0688115
-0.0710811
-0.0733371
-0.0755489
-0.0776844
-0.07971
-0.0815907
-0.0832899
-0.0847692
-0.0859889
-0.0869081
-0.0874841
-0.0876734
-0.0874312
-0.0867118
-0.0854689
-0.0836558
-0.0812255
-0.0781312
-0.0743268
-0.069767
-0.0644081
-0.0582086
-0.0511295
-0.0431355
-0.0341959
-0.0242858
-0.013388
-0.00149511
0.0113872
0.0252354
0.0400015
0.055604
0.0719148
0.0887433
0.105816
0.122757
0.13907
0.154137
0.167225
0.177547
0.1844
0.187138
0.184225
0.174807
-0.0972261
-0.104283
-0.107578
-0.107776
-0.106006
-0.102755
-0.0984565
-0.0935273
-0.0883034
-0.0830403
-0.077926
-0.0730931
-0.0686305
-0.0645934
-0.0610122
-0.0578987
-0.0552521
-0.0530627
-0.0513147
-0.0499887
-0.049063
-0.0485148
-0.0483205
-0.0484567
-0.0489
-0.049627
-0.0506147
-0.0518402
-0.0532804
-0.0549122
-0.0567121
-0.0586562
-0.06072
-0.0628781
-0.0651042
-0.0673709
-0.0696495
-0.0719103
-0.0741219
-0.0762516
-0.0782652
-0.0801269
-0.0817994
-0.0832436
-0.0844192
-0.0852842
-0.0857952
-0.0859076
-0.0855756
-0.0847521
-0.0833894
-0.081439
-0.0788521
-0.0755794
-0.0715722
-0.0667819
-0.061161
-0.0546632
-0.0472442
-0.038862
-0.0294781
-0.0190581
-0.0075734
0.00499712
0.0186639
0.0334227
0.0492481
0.066084
0.0838301
0.102323
0.121312
0.14043
0.159166
0.176844
0.192625
0.205547
0.214695
0.219154
0.216913
0.206769
-0.107915
-0.116496
-0.11992
-0.119256
-0.116161
-0.111381
-0.10552
-0.0991102
-0.0925488
-0.0861177
-0.0800081
-0.0743433
-0.069196
-0.0646028
-0.0605754
-0.0571081
-0.0541844
-0.051781
-0.0498707
-0.0484242
-0.0474118
-0.046804
-0.0465719
-0.0466873
-0.0471231
-0.047853
-0.0488514
-0.050093
-0.0515533
-0.0532074
-0.0550306
-0.0569978
-0.0590836
-0.0612616
-0.0635048
-0.065785
-0.0680731
-0.0703385
-0.0725493
-0.0746723
-0.0766727
-0.0785141
-0.0801586
-0.0815666
-0.0826971
-0.0835074
-0.0839533
-0.0839894
-0.0835687
-0.0826432
-0.0811637
-0.0790801
-0.0763417
-0.0728971
-0.0686946
-0.0636825
-0.0578092
-0.0510237
-0.0432756
-0.0345158
-0.024697
-0.013774
-0.00170489
0.0115474
0.0260132
0.0417121
0.0586477
0.0767982
0.0961026
0.11644
0.137601
0.15925
0.18088
0.201776
0.220982
0.237334
0.249635
0.256589
0.255489
0.244523
-0.12192
-0.132313
-0.135501
-0.133282
-0.128137
-0.12118
-0.113229
-0.104933
-0.0967435
-0.0889463
-0.0817158
-0.0751474
-0.0692822
-0.0641263
-0.0596634
-0.0558638
-0.0526905
-0.0501034
-0.0480614
-0.0465243
-0.0454534
-0.044812
-0.0445655
-0.0446812
-0.0451282
-0.0458772
-0.0469003
-0.0481703
-0.0496609
-0.0513459
-0.0531996
-0.0551958
-0.0573083
-0.05951
-0.0617733
-0.0640694
-0.0663687
-0.06864
-0.0708511
-0.0729683
-0.0749564
-0.0767785
-0.0783963
-0.0797697
-0.0808573
-0.0816156
-0.0820001
-0.0819644
-0.0814607
-0.0804401
-0.0788522
-0.0766454
-0.0737672
-0.0701642
-0.0657819
-0.0605655
-0.0544594
-0.0474076
-0.0393537
-0.0302409
-0.0200123
-0.00861099
0.00401966
0.0179353
0.0331893
0.0498302
0.0678976
0.0874139
0.108372
0.130713
0.154295
0.178848
0.203909
0.22876
0.252347
0.273281
0.290002
0.300685
0.301574
0.28981
-0.140931
-0.153309
-0.155449
-0.150492
-0.142187
-0.132146
-0.121418
-0.110754
-0.100617
-0.0912595
-0.0828046
-0.0752908
-0.068707
-0.0630127
-0.0581532
-0.054067
-0.0506923
-0.0479688
-0.04584
-0.0442536
-0.0431616
-0.04252
-0.0422885
-0.0424302
-0.0429109
-0.0436985
-0.044763
-0.0460756
-0.0476086
-0.0493349
-0.0512278
-0.0532604
-0.0554059
-0.0576366
-0.0599245
-0.0622405
-0.0645545
-0.0668351
-0.0690497
-0.0711644
-0.0731436
-0.0749502
-0.0765457
-0.0778896
-0.07894
-0.0796532
-0.0799842
-0.079886
-0.0793102
-0.0782071
-0.0765251
-0.0742116
-0.0712125
-0.0674724
-0.0629346
-0.057541
-0.0512324
-0.0439477
-0.0356246
-0.0261987
-0.0156031
-0.00376866
0.00937716
0.0239102
0.0399097
0.0574577
0.0766363
0.0975229
0.120179
0.144634
0.170846
0.19866
0.227721
0.257378
0.28655
0.313638
0.336656
0.353045
0.357509
0.345362
-0.16786
-0.181891
-0.181242
-0.171537
-0.158404
-0.144043
-0.129688
-0.116116
-0.103721
-0.0926526
-0.0829255
-0.0744832
-0.067234
-0.0610735
-0.0558962
-0.0516024
-0.0481007
-0.0453093
-0.0431551
-0.0415738
-0.0405081
-0.0399075
-0.0397268
-0.0399252
-0.0404658
-0.0413145
-0.0424397
-0.0438114
-0.045401
-0.0471808
-0.0491233
-0.0512014
-0.0533878
-0.0556547
-0.0579738
-0.0603157
-0.0626502
-0.0649459
-0.06717
-0.0692884
-0.0712654
-0.073064
-0.0746452
-0.0759686
-0.076992
-0.0776717
-0.0779621
-0.0778161
-0.0771848
-0.0760177
-0.0742628
-0.0718662
-0.0687727
-0.0649252
-0.0602649
-0.0547312
-0.0482611
-0.0407894
-0.0322478
-0.0225646
-0.0116635
0.000537099
0.0141256
0.0291989
0.0458636
0.0642379
0.0844522
0.106648
0.130971
0.157562
0.186524
0.217875
0.251465
0.286834
0.323017
0.358337
0.390387
0.415676
0.426722
0.415739
-0.208033
-0.221766
-0.214648
-0.196837
-0.176451
-0.156171
-0.137223
-0.120228
-0.105356
-0.0925379
-0.0816035
-0.0723496
-0.064573
-0.0580863
-0.0527238
-0.0483426
-0.0448204
-0.0420535
-0.0399534
-0.038445
-0.0374635
-0.0369531
-0.0368647
-0.0371551
-0.0377856
-0.0387209
-0.0399285
-0.041378
-0.0430404
-0.0448876
-0.0468922
-0.0490269
-0.0512644
-0.0535769
-0.0559361
-0.0583127
-0.0606766
-0.0629963
-0.0652392
-0.0673711
-0.0693566
-0.0711585
-0.072738
-0.0740547
-0.0750664
-0.0757294
-0.0759979
-0.0758246
-0.0751606
-0.0739549
-0.072155
-0.0697063
-0.0665528
-0.062636
-0.0578955
-0.0522683
-0.0456888
-0.0380877
-0.029392
-0.0195232
-0.0083965
0.00408101
0.0180128
0.0335158
0.0507235
0.0697908
0.0908981
0.114256
0.140108
0.168726
0.200399
0.235394
0.273876
0.315767
0.360483
0.406583
0.451512
0.49081
0.51421
0.508882
-0.271432
-0.278475
-0.257387
-0.226068
-0.195105
-0.167033
-0.142583
-0.121849
-0.104519
-0.0901391
-0.0782536
-0.0684577
-0.0604081
-0.0538224
-0.0484711
-0.0441689
-0.0407657
-0.0381395
-0.0361901
-0.0348346
-0.0340038
-0.0336388
-0.0336889
-0.0341102
-0.0348633
-0.035913
-0.0372269
-0.0387748
-0.040528
-0.0424588
-0.0445399
-0.0467446
-0.0490458
-0.051416
-0.0538271
-0.0562504
-0.0586557
-0.061012
-0.0632868
-0.0654464
-0.0674553
-0.0692768
-0.0708721
-0.0722012
-0.0732219
-0.0738906
-0.0741617
-0.0739881
-0.0733206
-0.0721083
-0.0702982
-0.0678358
-0.064664
-0.0607238
-0.0559536
-0.0502887
-0.0436614
-0.0359995
-0.0272259
-0.0172572
-0.00600138
0.00664371
0.0207942
0.0365842
0.0541711
0.0737429
0.0955275
0.119803
0.146913
0.177274
0.21139
0.249841
0.293245
0.342137
0.396715
0.456405
0.519246
0.580341
0.626705
0.638243
-0.376951
-0.359643
-0.310471
-0.25771
-0.211983
-0.174226
-0.143739
-0.119429
-0.100094
-0.0846849
-0.0723617
-0.0624757
-0.0545331
-0.0481596
-0.0430711
-0.03905
-0.0359276
-0.0335719
-0.0318776
-0.0307597
-0.0301482
-0.0299849
-0.03022
-0.0308106
-0.0317188
-0.0329106
-0.0343546
-0.0360217
-0.0378842
-0.0399154
-0.0420887
-0.0443781
-0.0467572
-0.0491992
-0.0516765
-0.0541608
-0.0566226
-0.0590312
-0.0613546
-0.0635595
-0.0656108
-0.067472
-0.069105
-0.0704698
-0.0715248
-0.0722265
-0.0725298
-0.0723875
-0.0717507
-0.0705687
-0.0687887
-0.0663557
-0.0632128
-0.0593004
-0.0545563
-0.048915
-0.0423073
-0.0346595
-0.0258917
-0.0159171
-0.00463922
0.00805077
0.0222778
0.0381884
0.0559577
0.0757992
0.0979784
0.122831
0.150787
0.182404
0.218406
0.259729
0.307554
0.363294
0.428473
0.50439
0.591105
0.684817
0.772408
0.82623
-0.567825
-0.474048
-0.370262
-0.286262
-0.22193
-0.173619
-0.13777
-0.111061
-0.0909065
-0.0754889
-0.0635505
-0.0542158
-0.0468717
-0.0410851
-0.0365448
-0.0330231
-0.0303497
-0.0283951
-0.0270582
-0.0262588
-0.0259315
-0.0260224
-0.0264856
-0.0272815
-0.0283752
-0.029735
-0.0313319
-0.0331387
-0.0351293
-0.0372782
-0.0395604
-0.0419509
-0.0444241
-0.0469542
-0.0495145
-0.0520773
-0.0546138
-0.057094
-0.0594864
-0.0617583
-0.063875
-0.0658007
-0.0674977
-0.0689264
-0.0700457
-0.0708125
-0.0711821
-0.0711076
-0.0705407
-0.0694308
-0.0677253
-0.0653696
-0.0623069
-0.0584776
-0.0538196
-0.0482672
-0.0417508
-0.034196
-0.0255223
-0.0156414
-0.00445486
0.00814867
0.0222981
0.0381455
0.0558745
0.0757117
0.097943
0.122938
0.151183
0.183334
0.220293
0.263316
0.314171
0.375333
0.450241
0.543419
0.659262
0.79912
0.961836
1.12232
-0.961431
-0.624115
-0.408554
-0.286634
-0.207242
-0.153433
-0.117034
-0.0918141
-0.0737101
-0.0603296
-0.0502222
-0.0424649
-0.0364551
-0.0317902
-0.0281933
-0.0254683
-0.0234717
-0.0220957
-0.0212572
-0.0208899
-0.0209402
-0.0213633
-0.0221207
-0.023179
-0.0245081
-0.0260807
-0.0278712
-0.0298551
-0.0320088
-0.0343091
-0.0367327
-0.039256
-0.0418551
-0.0445054
-0.0471811
-0.0498557
-0.0525012
-0.0550886
-0.057587
-0.0599645
-0.0621873
-0.0642201
-0.0660257
-0.0675653
-0.0687983
-0.0696821
-0.0701726
-0.0702235
-0.0697868
-0.0688126
-0.0672489
-0.0650414
-0.062134
-0.0584677
-0.0539808
-0.0486086
-0.0422821
-0.034928
-0.0264668
-0.0168116
-0.00586579
0.00647974
0.020351
0.0358963
0.0532945
0.0727662
0.09459
0.119128
0.146862
0.178452
0.214833
0.257373
0.308137
0.370364
0.449338
0.553684
0.69563
0.893744
1.20048
1.64886
-1.67123
-0.771956
-0.368905
-0.220991
-0.146391
-0.101892
-0.075013
-0.0579277
-0.0461989
-0.037675
-0.0312634
-0.0263449
-0.022545
-0.0196271
-0.0174326
-0.0158502
-0.0147974
-0.0142112
-0.0140412
-0.0142463
-0.0147915
-0.0156467
-0.0167848
-0.0181815
-0.0198141
-0.0216609
-0.0237013
-0.0259149
-0.0282815
-0.0307806
-0.0333915
-0.0360929
-0.0388626
-0.0416777
-0.044514
-0.0473462
-0.0501477
-0.0528905
-0.0555448
-0.0580797
-0.0604621
-0.0626577
-0.0646301
-0.0663412
-0.067751
-0.0688179
-0.0694982
-0.0697464
-0.0695152
-0.0687554
-0.0674156
-0.0654426
-0.0627809
-0.0593728
-0.055158
-0.050073
-0.044051
-0.037021
-0.0289068
-0.0196256
-0.00908626
0.00281305
0.0161884
0.0311747
0.0479319
0.0666545
0.0875841
0.111029
0.137394
0.167226
0.201294
0.240726
0.287275
0.343873
0.415924
0.514181
0.660199
0.906818
1.42862
2.45032
)
;

boundaryField
{
    movingWall
    {
        type            zeroGradient;
    }
    fixedWalls
    {
        type            zeroGradient;
    }
    frontAndBack
    {
        type            empty;
    }
}


// ************************************************************************* //
