/*--------------------------------*- C++ -*----------------------------------*\
| =========                 |                                                 |
| \\      /  F ield         | OpenFOAM: The Open Source CFD Toolbox           |
|  \\    /   O peration     | Version:  2506                                  |
|   \\  /    A nd           | Website:  www.openfoam.com                      |
|    \\/     M anipulation  |                                                 |
\*---------------------------------------------------------------------------*/
FoamFile
{
    version     2.0;
    format      ascii;
    arch        "LSB;label=32;scalar=64";
    class       volScalarField;
    location    "0.475";
    object      p;
}
// * * * * * * * * * * * * * * * * * * * * * * * * * * * * * * * * * * * * * //

dimensions      [0 2 -2 0 0 0 0];

internalField   nonuniform List<scalar> 
6400
(
8.79879e-06
-0.000108188
-0.00112727
-0.00145955
-0.0035719
-0.00411525
-0.00695848
-0.00760494
-0.0106868
-0.0113372
-0.0142588
-0.0148407
-0.0173105
-0.0177722
-0.0195832
-0.019889
-0.0209022
-0.0210294
-0.0211606
-0.021097
-0.0203062
-0.0200476
-0.0183308
-0.0178799
-0.0152623
-0.0146274
-0.0111584
-0.0103521
-0.00610151
-0.00514048
-0.000194855
0.000901219
0.00644093
0.00764961
0.0136706
0.0149672
0.0213467
0.0227047
0.0293121
0.0307037
0.0374026
0.0387988
0.0454491
0.0468204
0.0532806
0.0545976
0.0607278
0.0619616
0.067626
0.0687489
0.0738196
0.0748059
0.0791665
0.0799932
0.0835426
0.0841904
0.0868477
0.0873019
0.0890109
0.0892626
0.089997
0.0900439
0.0898133
0.0896612
0.0885171
0.0881814
0.0862249
0.0857323
0.0831225
0.0825131
0.0794777
0.0788075
0.0756552
0.0749996
0.0721387
0.0715975
0.0695153
0.0691928
0.0682194
0.0681095
0.000126281
9.24912e-06
-0.00103826
-0.00134455
-0.00346505
-0.0039659
-0.00680977
-0.00740567
-0.0104845
-0.011084
-0.0140015
-0.0145379
-0.017003
-0.0174286
-0.019234
-0.0195159
-0.0205216
-0.0206389
-0.0207598
-0.0207011
-0.0198965
-0.0196581
-0.0179233
-0.0175077
-0.0148675
-0.0142823
-0.0107861
-0.0100429
-0.00576068
-0.00487481
0.000106622
0.00111697
0.00669618
0.00781032
0.0138738
0.015069
0.0214934
0.0227452
0.0293989
0.0306817
0.0374274
0.0387144
0.0454111
0.0466752
0.0531806
0.0543946
0.0605678
0.061705
0.0674095
0.0684445
0.0735516
0.0744608
0.0788535
0.0796155
0.0831925
0.0837897
0.0864698
0.0868885
0.0886157
0.0888477
0.089596
0.0896392
0.0894188
0.0892786
0.0881418
0.0878323
0.0858811
0.085427
0.0828215
0.0822597
0.0792279
0.0786101
0.0754604
0.074856
0.071994
0.0714951
0.069405
0.0691077
0.0681096
0.0679997
0.00115007
0.00106096
9.98444e-06
-0.000226334
-0.00218829
-0.00253979
-0.0050626
-0.00547141
-0.00816869
-0.00857872
-0.0111231
-0.0114893
-0.0136282
-0.013916
-0.0154625
-0.0156467
-0.0164699
-0.0165335
-0.0165507
-0.0164835
-0.0156518
-0.0154496
-0.0137601
-0.0134235
-0.0108952
-0.0104291
-0.00710469
-0.00651717
-0.00245943
-0.00176181
0.00294978
0.00374378
0.0090154
0.00988997
0.0156158
0.0165534
0.0226179
0.0235995
0.0298792
0.0308847
0.0372505
0.0382592
0.0445785
0.0455691
0.0517081
0.0526596
0.0584863
0.0593779
0.0647648
0.0655771
0.0704046
0.0711195
0.0752794
0.075881
0.0792807
0.0797558
0.0823223
0.0826615
0.084346
0.0845439
0.0853262
0.0853825
0.0852766
0.0851967
0.0842558
0.0840518
0.0823737
0.0820654
0.0797988
0.0794142
0.0767646
0.0763408
0.0735763
0.0731604
0.0706181
0.0702673
0.0683357
0.0681073
0.0671098
0.0670253
0.00148429
0.00136904
0.000245627
9.30821e-06
-0.00191917
-0.00227067
-0.00471619
-0.005125
-0.007731
-0.00814103
-0.0105958
-0.010962
-0.0130223
-0.0133101
-0.0147945
-0.0149788
-0.0157594
-0.015823
-0.0158182
-0.015751
-0.014918
-0.0147158
-0.0130447
-0.0127081
-0.0102167
-0.00975053
-0.00648003
-0.00589251
-0.00190373
-0.0012061
0.00342342
0.00421743
0.009396
0.0102706
0.0158946
0.0168322
0.0227884
0.02377
0.0299373
0.0309428
0.0371946
0.0382032
0.0444093
0.0453999
0.0514291
0.0523805
0.0581033
0.058995
0.0642865
0.0650987
0.0698418
0.0705567
0.0746457
0.0752473
0.0785919
0.079067
0.0815962
0.0819355
0.0836022
0.0838001
0.0845856
0.0846418
0.0845606
0.0844807
0.0835855
0.0833816
0.0817689
0.0814606
0.0792757
0.0788911
0.0763333
0.0759096
0.0732373
0.0728214
0.070356
0.0700052
0.0681068
0.0678784
0.0668124
0.0667027
0.00361519
0.00350596
0.00220262
0.00192695
-2.40281e-05
-0.000357394
-0.00259554
-0.00295539
-0.00525634
-0.0056071
-0.00773719
-0.00804464
-0.0098064
-0.0100431
-0.011285
-0.0114304
-0.0120422
-0.0120817
-0.0119907
-0.0119153
-0.0110815
-0.0108872
-0.00929953
-0.00898637
-0.00665852
-0.00623034
-0.00319729
-0.00266109
0.00102383
0.00165837
0.00592616
0.00664699
0.0114153
0.0122084
0.0173835
0.0182332
0.0237122
0.0246016
0.0302739
0.031185
0.0369351
0.037849
0.0435579
0.0444557
0.0500034
0.0508661
0.0561344
0.0569436
0.0618188
0.0625568
0.0669327
0.0675836
0.0713647
0.0719144
0.0750197
0.0754569
0.0778237
0.07814
0.0797275
0.0799187
0.0807121
0.0807781
0.0807925
0.0807385
0.0800229
0.0798597
0.0785001
0.0782446
0.0763671
0.0760426
0.0738153
0.0734515
0.0710862
0.0707194
0.0684612
0.0681289
0.0662129
0.0659476
0.0647131
0.0646103
0.00416742
0.004015
0.00255551
0.00227984
0.000299391
-3.39745e-05
-0.00225671
-0.00261656
-0.00488368
-0.00523445
-0.00732379
-0.00763124
-0.00935298
-0.0095897
-0.0107979
-0.0109433
-0.0115314
-0.0115709
-0.0114682
-0.0113928
-0.0105602
-0.0103659
-0.00879247
-0.0084793
-0.00617834
-0.00575015
-0.00275581
-0.0022196
0.00141592
0.00205046
0.00625951
0.00698034
0.011682
0.0124751
0.0175774
0.0184272
0.0238287
0.0247181
0.0303104
0.0312214
0.0368904
0.0378044
0.043433
0.0443309
0.049801
0.0506638
0.0558591
0.0566683
0.0614768
0.0622149
0.066532
0.0671829
0.0709149
0.0714646
0.0745318
0.0749689
0.0773096
0.0776259
0.0792002
0.0793913
0.0801847
0.0802507
0.080278
0.0802241
0.0795333
0.0793701
0.0780451
0.0777896
0.0759527
0.0756281
0.0734417
0.0730779
0.0707462
0.0703794
0.0681363
0.067804
0.0658597
0.0655944
0.0642086
0.064063
0.00708768
0.00693212
0.00510838
0.00474408
0.00248164
0.0021161
-0.00015717
-0.000516746
-0.00272
-0.00305546
-0.00502869
-0.00531409
-0.00690483
-0.00711896
-0.00820963
-0.00833651
-0.00884025
-0.00886843
-0.00872655
-0.00864886
-0.00782908
-0.00764232
-0.00613624
-0.00584079
-0.00366119
-0.00326059
-0.000438915
6.05178e-05
0.00347649
0.00406598
0.00801424
0.00868292
0.0130891
0.0138243
0.0186036
0.019391
0.0244499
0.025274
0.0305118
0.0313561
0.0366671
0.0375144
0.0427898
0.0436227
0.0487525
0.0495534
0.0544293
0.0551813
0.0596988
0.0603858
0.0644475
0.0650545
0.0685731
0.0690873
0.0719885
0.0723994
0.0746255
0.0749254
0.0764389
0.0766235
0.0774098
0.077479
0.0775498
0.0775077
0.0769038
0.0767592
0.0755521
0.075319
0.0736114
0.0733082
0.0712347
0.0708854
0.0686139
0.0682468
0.0659518
0.0655878
0.0633689
0.0630179
0.0612831
0.0611363
0.00776244
0.0075541
0.00552732
0.00516302
0.00283386
0.00246831
0.00017276
-0.000186816
-0.00239208
-0.00272754
-0.00469124
-0.00497664
-0.00655263
-0.00676675
-0.00784279
-0.00796967
-0.00846267
-0.00849085
-0.00834459
-0.0082669
-0.00745054
-0.00726378
-0.00576964
-0.00547419
-0.00331518
-0.00291458
-0.000121827
0.000377606
0.00375697
0.00434647
0.00825133
0.00892001
0.0132771
0.0140123
0.018738
0.0195254
0.0245275
0.0253516
0.0305308
0.0313751
0.036627
0.0374743
0.0426916
0.0435244
0.0485984
0.0493994
0.054223
0.054975
0.0594451
0.060132
0.0641523
0.0647594
0.0682433
0.0687576
0.0716319
0.0720427
0.0742502
0.0745501
0.0760532
0.0762378
0.0770218
0.077091
0.0771669
0.0771248
0.0765316
0.0763871
0.0751941
0.0749609
0.073267
0.0729639
0.0708985
0.0705493
0.0682744
0.0679073
0.0655892
0.0652252
0.0629406
0.0625897
0.0606553
0.0604552
0.0110388
0.0108214
0.008336
0.007861
0.00511436
0.00469199
0.00220294
0.00181879
-0.000460846
-0.00080409
-0.00277456
-0.00305773
-0.00460406
-0.00481139
-0.00584736
-0.00596736
-0.0064295
-0.00645387
-0.00629931
-0.00622298
-0.00542934
-0.00525037
-0.00381462
-0.00353398
-0.00147068
-0.00109201
0.00156839
0.00203907
0.00525191
0.00580645
0.00951442
0.0101428
0.0142775
0.0149679
0.0194511
0.0201905
0.0249361
0.0257101
0.030625
0.0314184
0.0364047
0.0372015
0.0421582
0.042942
0.0477666
0.0485213
0.0531126
0.0538221
0.0580823
0.0587315
0.062569
0.0631438
0.066476
0.0669643
0.0697204
0.070112
0.0722365
0.0725238
0.0739788
0.0741574
0.0749257
0.0749945
0.0750819
0.0750437
0.0744805
0.0743423
0.0731845
0.0729568
0.0712847
0.070982
0.0689004
0.0685415
0.0661832
0.06579
0.0632732
0.0628521
0.0601546
0.0596952
0.0573164
0.0571099
0.0117495
0.0114765
0.00877132
0.00829632
0.0054645
0.00504212
0.00250999
0.00212584
-0.000176507
-0.000519751
-0.00249943
-0.0027826
-0.00432985
-0.00453718
-0.00557062
-0.00569062
-0.00615044
-0.00617482
-0.00602068
-0.00594435
-0.00515558
-0.00497661
-0.00355116
-0.00327053
-0.00122341
-0.000844741
0.00179359
0.00226427
0.00544949
0.00600403
0.00967943
0.0103078
0.0144057
0.0150962
0.0195394
0.0202788
0.0249822
0.0257562
0.0306278
0.0314211
0.0363641
0.0371608
0.0420751
0.042859
0.0476432
0.0483979
0.0529518
0.0536614
0.057888
0.0585372
0.0623456
0.0629205
0.0662287
0.0667169
0.0694546
0.0698461
0.0719576
0.0722449
0.0736921
0.0738706
0.0746358
0.0747046
0.0747922
0.074754
0.0741929
0.0740546
0.0728981
0.0726704
0.0709953
0.0706927
0.0685994
0.0682405
0.0658572
0.065464
0.0629024
0.0624813
0.0596988
0.0592394
0.0566419
0.0563782
0.0150351
0.0147489
0.0115465
0.0109514
0.00763399
0.00714018
0.00432924
0.00390387
0.00143844
0.00107105
-0.000997849
-0.00129338
-0.00288127
-0.0030938
-0.00414212
-0.00426416
-0.00473137
-0.00475766
-0.00461672
-0.00454433
-0.00378369
-0.0036121
-0.00223548
-0.00196652
8.0843e-06
0.000370434
0.0029118
0.00336155
0.00642635
0.00695565
0.0104895
0.0110889
0.0150277
0.0156861
0.0199566
0.0206618
0.0251833
0.0259218
0.0306073
0.0313649
0.0361223
0.0368839
0.041618
0.0423681
0.0469821
0.0477053
0.0521029
0.052784
0.0568717
0.057496
0.0611855
0.0617396
0.0649507
0.0654224
0.0680855
0.0684648
0.0705236
0.0708026
0.0722169
0.0723905
0.0731381
0.0732044
0.0732835
0.0732437
0.0726736
0.0725323
0.0713535
0.0711187
0.0693909
0.0690732
0.0668761
0.0664901
0.0639291
0.0634921
0.0606412
0.0601474
0.0568787
0.0563005
0.0532174
0.0529438
0.0157194
0.0153796
0.0119576
0.0113624
0.00795022
0.00745641
0.00458896
0.00416359
0.00166109
0.0012937
-0.000797969
-0.0010935
-0.002694
-0.00290652
-0.00396147
-0.00408351
-0.00455472
-0.00458101
-0.00444388
-0.00437149
-0.00361624
-0.00344466
-0.00207617
-0.00180721
0.000155859
0.000518209
0.0030444
0.00349415
0.00654022
0.00706952
0.0105815
0.0111808
0.0150949
0.0157534
0.0199972
0.0207024
0.0251959
0.0259345
0.0305915
0.031349
0.0360784
0.0368399
0.041547
0.0422971
0.0468858
0.047609
0.0519838
0.0526649
0.0567326
0.0573569
0.0610297
0.0615837
0.0647815
0.0652533
0.0679064
0.0682857
0.0703376
0.0706166
0.0720264
0.0722001
0.0729449
0.0730112
0.0730876
0.0730478
0.0724734
0.0723322
0.0711452
0.0709103
0.0691673
0.0688496
0.0666263
0.0662403
0.0636388
0.0632018
0.0602915
0.0597978
0.0564334
0.0558551
0.0525504
0.0522201
0.0187585
0.0184009
0.0144688
0.0137507
0.00981987
0.00924614
0.00604627
0.00556854
0.00284243
0.00243935
0.000199839
-0.000118704
-0.00181101
-0.00203758
-0.00314765
-0.00327827
-0.00378422
-0.0038164
-0.00370617
-0.00363905
-0.00291204
-0.0027466
-0.00141398
-0.00115301
0.00076267
0.00111463
0.0035801
0.00401688
0.0069887
0.00750255
0.0109278
0.0115096
0.0153267
0.0159658
0.0201051
0.0207898
0.0251746
0.0258922
0.0304396
0.0311764
0.0357987
0.0365402
0.0411461
0.0418776
0.0463738
0.0470803
0.0513736
0.0520403
0.0560393
0.0566518
0.0602697
0.0608145
0.063971
0.064436
0.0670602
0.0674349
0.069468
0.069744
0.0711411
0.0713124
0.0720452
0.0721085
0.0721662
0.0721212
0.0715119
0.0713611
0.0701107
0.0698595
0.0680097
0.0676656
0.0652752
0.0648496
0.0620043
0.0615113
0.0582518
0.0576757
0.0537855
0.0530842
0.0492777
0.0489339
0.0193704
0.0189649
0.0148227
0.0141046
0.0100744
0.00950071
0.00623604
0.0057583
0.00298561
0.00258253
0.00031091
-7.63258e-06
-0.00172074
-0.0019473
-0.00307038
-0.003201
-0.00371515
-0.00374733
-0.00364275
-0.00357564
-0.00285347
-0.00268802
-0.00136068
-0.00109971
0.000809492
0.00116146
0.00361881
0.00405559
0.00701755
0.00753139
0.0109452
0.0115269
0.0153312
0.0159703
0.0200959
0.0207806
0.0251513
0.0258689
0.0304023
0.0311391
0.0357481
0.0364896
0.0410834
0.0418149
0.0463006
0.0470072
0.0512918
0.0519585
0.055951
0.0565635
0.060177
0.0607218
0.0638758
0.0643409
0.0669642
0.0673389
0.069372
0.0696479
0.0710452
0.0712164
0.0719482
0.0720115
0.0720657
0.0720207
0.0714033
0.0712526
0.0699876
0.0697364
0.0678626
0.0675185
0.0650918
0.0646662
0.0617697
0.0612767
0.0579484
0.0573723
0.0533805
0.0526792
0.0486568
0.0482603
0.0219686
0.0215391
0.0168843
0.0160436
0.0114822
0.0108243
0.00719634
0.00665957
0.00362524
0.00317916
0.00072153
0.000373094
-0.00146548
-0.00171181
-0.00291592
-0.00305916
-0.00362419
-0.00366433
-0.00359197
-0.00353008
-0.00283029
-0.00266882
-0.00136051
-0.0011033
0.000785827
0.00113358
0.00356725
0.00399901
0.00693258
0.00744053
0.0108214
0.0113964
0.0151642
0.0157961
0.0198832
0.0205606
0.0248929
0.0256034
0.030101
0.0308312
0.0354089
0.036145
0.0407138
0.0414413
0.04591
0.0466141
0.0508904
0.0515564
0.0555496
0.056163
0.0597853
0.0603326
0.063502
0.0639704
0.0666129
0.0669913
0.0690435
0.0693226
0.0707335
0.0709062
0.0716398
0.0717014
0.0717373
0.0716859
0.0710208
0.070857
0.0695035
0.0692301
0.0672143
0.0668363
0.0642005
0.063727
0.060543
0.059986
0.0562708
0.0556066
0.0510684
0.050243
0.0457116
0.0452965
0.0224728
0.0220038
0.0171537
0.016313
0.0116509
0.010993
0.00729562
0.00675886
0.00367223
0.00322615
0.000730646
0.00038221
-0.00148222
-0.00172855
-0.00294943
-0.00309267
-0.003668
-0.00370813
-0.00364166
-0.00357977
-0.00288312
-0.00272165
-0.00141497
-0.00115775
0.000730398
0.00107815
0.00351095
0.00394271
0.00687525
0.0073832
0.0107628
0.0113378
0.0151042
0.0157361
0.0198221
0.0204994
0.024831
0.0255415
0.030039
0.0307693
0.035348
0.0360841
0.0406553
0.0413828
0.0458553
0.0465594
0.0508411
0.0515071
0.055507
0.0561204
0.0597507
0.0602979
0.063476
0.0639444
0.0665956
0.066974
0.069034
0.0693131
0.0707298
0.0709026
0.0716385
0.0717002
0.0717336
0.0716822
0.0710079
0.070844
0.0694724
0.0691991
0.0671541
0.0667761
0.0640975
0.0636241
0.060382
0.059825
0.056035
0.0553708
0.050728
0.0499026
0.0451653
0.0447039
0.0244767
0.0239756
0.018611
0.0176495
0.0124541
0.0117102
0.00763383
0.00703442
0.00366461
0.00317136
0.000467714
8.54443e-05
-0.00192355
-0.00219275
-0.00350802
-0.00366571
-0.00429772
-0.00434609
-0.00430899
-0.0042509
-0.00356465
-0.00340397
-0.00209517
-0.0018368
6.13453e-05
0.000411467
0.00285903
0.00329391
0.00624424
0.00675581
0.0101555
0.0107347
0.0145237
0.0151603
0.0192721
0.0199548
0.0243166
0.0250334
0.0295665
0.0303043
0.0349252
0.0356701
0.0402907
0.0410284
0.0455578
0.0462735
0.0506193
0.0512981
0.055368
0.0559952
0.0596993
0.0602607
0.0635132
0.0639955
0.0667177
0.0671089
0.0692309
0.0695205
0.0709841
0.0711636
0.0719236
0.0719869
0.0720131
0.0719563
0.0712339
0.0710558
0.069585
0.0692866
0.06708
0.066664
0.0637509
0.0632246
0.0596678
0.0590419
0.0548415
0.0540859
0.0488853
0.0479354
0.0426815
0.0421945
0.0248449
0.024315
0.0187727
0.0178112
0.012515
0.0117712
0.00762319
0.00702378
0.00359863
0.00310538
0.000360767
-2.15025e-05
-0.0020589
-0.0023281
-0.0036617
-0.00381939
-0.00446193
-0.0045103
-0.00447781
-0.00441972
-0.00373373
-0.00357305
-0.00226136
-0.00200299
-9.97265e-05
0.000250395
0.00270469
0.00313956
0.00609785
0.00660941
0.0100181
0.0105973
0.0143963
0.0150329
0.0191558
0.0198385
0.0242126
0.0249293
0.0294761
0.0302139
0.0348498
0.0355947
0.0402319
0.0409696
0.0455171
0.0462328
0.0505979
0.0512767
0.0553668
0.0559941
0.0597187
0.0602801
0.063553
0.0640353
0.0667765
0.0671677
0.0693064
0.069596
0.0710725
0.071252
0.0720196
0.0720829
0.0721097
0.072053
0.0713223
0.0711443
0.0696546
0.0693561
0.0671179
0.0667018
0.0637423
0.063216
0.0595971
0.0589712
0.0546923
0.0539367
0.0486293
0.0476794
0.0422316
0.0417065
0.0261268
0.0255545
0.0194922
0.0184115
0.0125844
0.0117541
0.00722041
0.0065567
0.0028381
0.00229571
-0.000667301
-0.00108511
-0.0032747
-0.00356777
-0.00499866
-0.00517076
-0.00586667
-0.00592194
-0.00590838
-0.00585135
-0.00515769
-0.00499359
-0.00365395
-0.00338874
-0.00144204
-0.00108244
0.00142731
0.00187376
0.0048973
0.00542219
0.00890466
0.00949871
0.0133795
0.0140324
0.018245
0.0189457
0.0234176
0.0241539
0.028807
0.029566
0.0343169
0.0350847
0.0398452
0.0406073
0.0452857
0.0460272
0.0505293
0.0512348
0.0554656
0.0561199
0.0599855
0.0605737
0.0639834
0.0644912
0.0673598
0.0677739
0.0700239
0.0703326
0.0718967
0.07209
0.0729131
0.0729831
0.0730241
0.0729651
0.0721977
0.0720068
0.0704195
0.0700955
0.0676892
0.0672331
0.0640265
0.0634446
0.0594951
0.0587974
0.0540932
0.0532437
0.0473696
0.0462944
0.0403169
0.0397572
0.0263351
0.0257464
0.0195256
0.018445
0.0125175
0.0116872
0.0070811
0.00641739
0.00264223
0.00209984
-0.000905254
-0.00132306
-0.00354164
-0.0038347
-0.00528363
-0.00545573
-0.00616076
-0.00621603
-0.00620439
-0.00614736
-0.00544992
-0.00528581
-0.00393787
-0.00367265
-0.00171406
-0.00135446
0.0011701
0.00161655
0.00465734
0.00518223
0.0086841
0.00927815
0.0131803
0.0138333
0.0180692
0.0187699
0.023267
0.0240034
0.0286837
0.0294426
0.0342226
0.0349904
0.0397817
0.0405439
0.0452546
0.0459961
0.0505317
0.0512372
0.0555021
0.0561564
0.0600559
0.0606441
0.0640866
0.0645943
0.0674934
0.0679075
0.0701843
0.070493
0.0720787
0.072272
0.0731097
0.0731796
0.0732264
0.0731674
0.0723951
0.0722041
0.0705994
0.0702754
0.0678372
0.0673811
0.0641265
0.0635446
0.0595308
0.0588331
0.0540478
0.0531983
0.0472156
0.0461405
0.0399813
0.0393931
0.026782
0.0261383
0.0193862
0.0181876
0.011732
0.0108154
0.00582213
0.00509373
0.00102254
0.000430647
-0.00279426
-0.00324759
-0.00561682
-0.00593303
-0.00747332
-0.00765816
-0.00840516
-0.00846456
-0.0084543
-0.00839435
-0.00766517
-0.00749238
-0.00608579
-0.00580721
-0.00376797
-0.00339114
-0.000767613
-0.000300686
0.00285475
0.00340297
0.00703343
0.00765336
0.011697
0.0123783
0.0167678
0.0174992
0.0221619
0.0229311
0.0277884
0.0285824
0.0335503
0.0343552
0.0393443
0.0401452
0.045062
0.0458436
0.050591
0.0513374
0.0558164
0.0565117
0.0606233
0.0612514
0.0648982
0.0654438
0.0685328
0.0689812
0.0714257
0.0717636
0.0734861
0.0737017
0.0746358
0.0747194
0.0748122
0.0747563
0.0739696
0.0737691
0.07208
0.0717321
0.0691302
0.0686344
0.0651299
0.0644913
0.0601391
0.0593678
0.0541467
0.0532015
0.0466415
0.0454394
0.0387295
0.0380955
0.0268084
0.0261626
0.0192721
0.0180735
0.011518
0.0106014
0.00553572
0.00480732
0.0006796
8.77065e-05
-0.00317888
-0.00363222
-0.0060294
-0.00634562
-0.00790207
-0.00808691
-0.00884012
-0.00889953
-0.00888718
-0.00882723
-0.00808907
-0.00791629
-0.00649501
-0.00621643
-0.00415775
-0.00378092
-0.00113393
-0.000667001
0.0025154
0.00306362
0.00672417
0.00734411
0.0114207
0.012102
0.0165273
0.0172586
0.0219597
0.0227289
0.0276271
0.0284211
0.0334321
0.034237
0.0392714
0.0400723
0.0450361
0.0458177
0.0506132
0.0513596
0.0558872
0.0565824
0.060742
0.0613701
0.0650633
0.0656088
0.0687409
0.0691894
0.0716723
0.0720102
0.0737645
0.0739801
0.0749376
0.0750212
0.0751269
0.075071
0.0742848
0.0740843
0.0723811
0.0720333
0.0694013
0.0689054
0.0653533
0.0647147
0.0602971
0.0595258
0.0542219
0.0532767
0.0466059
0.0454038
0.0385244
0.0378731
0.0263138
0.0255982
0.0181583
0.0168421
0.00976006
0.00875745
0.00330605
0.00251337
-0.00190755
-0.00254815
-0.00602912
-0.00651658
-0.00905534
-0.00939253
-0.0110267
-0.0112212
-0.0119977
-0.0120571
-0.0120218
-0.0119537
-0.0111538
-0.0109661
-0.00945041
-0.00915107
-0.00697039
-0.00656789
-0.00377517
-0.0032783
7.06209e-05
0.000652571
0.00449834
0.00515547
0.00943455
0.0101562
0.0148002
0.015575
0.0205101
0.0213256
0.0264723
0.0273153
0.0325883
0.0334446
0.0387527
0.0396071
0.0448539
0.0456905
0.0507753
0.0515775
0.0563964
0.0571472
0.0615946
0.062277
0.0662476
0.0668448
0.0702362
0.0707319
0.073447
0.0738259
0.0757754
0.0760239
0.0771287
0.0772349
0.0774292
0.0773836
0.0766164
0.0764119
0.0746482
0.0742801
0.0714989
0.0709651
0.0671687
0.0664738
0.0617158
0.0608699
0.0551222
0.0540791
0.0468175
0.0454853
0.0380249
0.0373143
0.0261369
0.0254352
0.0178779
0.0165617
0.00937996
0.00837735
0.00285395
0.00206126
-0.00241525
-0.00305586
-0.00657693
-0.00706438
-0.00962873
-0.00996592
-0.011613
-0.0118075
-0.0125859
-0.0126453
-0.0126027
-0.0125346
-0.0117194
-0.0115316
-0.0099939
-0.00969456
-0.00748609
-0.00708359
-0.00425808
-0.0037612
-0.00037509
0.00020686
0.00409381
0.00475094
0.00907489
0.00979657
0.0144889
0.0152637
0.0202504
0.0210659
0.0262673
0.0271103
0.0324408
0.0332971
0.0386652
0.0395196
0.0448285
0.045665
0.0508132
0.0516154
0.0564981
0.057249
0.0617594
0.0624418
0.0664734
0.0670706
0.0705193
0.0710149
0.0737817
0.0741607
0.0761542
0.0764027
0.0775417
0.0776479
0.0778644
0.0778188
0.0770595
0.076855
0.0750829
0.0747148
0.0719072
0.0713734
0.0675312
0.0668362
0.062013
0.0611671
0.0553352
0.0542921
0.0469165
0.0455843
0.0379665
0.0372509
0.0245945
0.0238058
0.0156741
0.0142399
0.00653102
0.00544265
-0.000463338
-0.00131934
-0.00608223
-0.00676982
-0.0104943
-0.0110133
-0.0137036
-0.0140583
-0.0157625
-0.0159622
-0.0167382
-0.0167922
-0.0166958
-0.0166132
-0.0157002
-0.0154901
-0.013817
-0.0134886
-0.0111123
-0.0106749
-0.00765322
-0.00711631
-0.00350889
-0.00288229
0.0012488
0.00195479
0.00654398
0.00731846
0.0122959
0.0131271
0.0184177
0.0192932
0.024816
0.0257223
0.0313903
0.0323127
0.0380324
0.0389553
0.0446271
0.0455341
0.0510527
0.0519262
0.0571818
0.0580039
0.0628834
0.0636356
0.0680248
0.0686886
0.0724743
0.0730316
0.0761044
0.076538
0.0787951
0.079089
0.0804372
0.0805772
0.0809361
0.0809102
0.0802147
0.0800138
0.0782157
0.0778331
0.0749002
0.074332
0.0702587
0.0695089
0.0643482
0.0634275
0.0571449
0.0560015
0.0480173
0.0465505
0.0383121
0.0375215
0.0241928
0.0234355
0.0152085
0.0137743
0.00596528
0.00487691
-0.00110036
-0.00195637
-0.00677322
-0.00746082
-0.0112228
-0.0117418
-0.0144541
-0.0148088
-0.0165213
-0.016721
-0.0174933
-0.0175473
-0.017437
-0.0173544
-0.0164186
-0.0162085
-0.014505
-0.0141765
-0.0117632
-0.0113258
-0.00826126
-0.00772434
-0.0040689
-0.0034423
0.000741537
0.00144753
0.00609385
0.00686832
0.011907
0.0127383
0.0180939
0.0189695
0.0245611
0.0254674
0.0312076
0.03213
0.0379249
0.0388479
0.0445973
0.0455043
0.0511022
0.0519758
0.0573113
0.0581334
0.0630922
0.0638444
0.0683107
0.0689745
0.0728332
0.0733906
0.0765302
0.0769638
0.0792791
0.079573
0.0809685
0.0811085
0.0815011
0.0814752
0.0807974
0.0805964
0.0787978
0.0784151
0.0754613
0.0748932
0.0707772
0.0700275
0.0648025
0.0638817
0.0575137
0.0563704
0.0482686
0.0468017
0.0384177
0.0376361
0.021492
0.0206284
0.0117951
0.0102416
0.00190243
0.000728431
-0.00562741
-0.00654535
-0.0116385
-0.0123706
-0.01632
-0.016867
-0.0196834
-0.0200509
-0.0217933
-0.0219924
-0.0227298
-0.0227716
-0.02257
-0.0224651
-0.0213894
-0.0211484
-0.0192629
-0.018896
-0.0162642
-0.0157817
-0.0124666
-0.0118788
-0.00794391
-0.00726118
-0.00277159
-0.00200459
0.00297196
0.00381201
0.00920396
0.0101051
0.015836
0.0167856
0.0227731
0.0237572
0.0299124
0.0309162
0.037143
0.0381503
0.0443455
0.045339
0.0513924
0.0523538
0.058149
0.0590591
0.0644747
0.0653136
0.0702251
0.0709724
0.0752546
0.0758901
0.0794195
0.0799236
0.0825823
0.0829363
0.0846149
0.084802
0.0854033
0.0854091
0.0848518
0.0846643
0.0828857
0.0824961
0.0794509
0.0788536
0.0745275
0.0737256
0.068171
0.0671754
0.0603508
0.0591047
0.050372
0.0487645
0.0397108
0.0388359
0.0208423
0.0200295
0.0111241
0.00957058
0.00113057
-4.34344e-05
-0.00646967
-0.00738761
-0.0125325
-0.0132646
-0.017248
-0.0177949
-0.0206286
-0.0209961
-0.0227409
-0.02294
-0.0236668
-0.0237086
-0.0234851
-0.0233802
-0.022273
-0.0220319
-0.0201065
-0.0197396
-0.0170604
-0.016578
-0.0132091
-0.0126213
-0.00862689
-0.00794417
-0.00338971
-0.00262271
0.00242366
0.00326372
0.00873021
0.00963139
0.0154413
0.0163909
0.0224617
0.0234458
0.0296884
0.0306921
0.0370098
0.0380171
0.0443062
0.0452997
0.0514491
0.0524106
0.0583029
0.059213
0.0647255
0.0655644
0.0705707
0.071318
0.0756907
0.0763262
0.0799398
0.0804438
0.0831773
0.0835314
0.0852727
0.0854598
0.0861089
0.0861146
0.0855873
0.0853998
0.0836306
0.083241
0.0801825
0.0795852
0.0752212
0.0744193
0.0688023
0.0678068
0.0608959
0.0596498
0.0507948
0.0491874
0.0400001
0.0391497
0.016865
0.0159242
0.00637354
0.00469856
-0.00427703
-0.00553667
-0.0123367
-0.0133148
-0.0187227
-0.019496
-0.023646
-0.0242162
-0.0271262
-0.0275005
-0.0292409
-0.0294323
-0.0300841
-0.0301057
-0.0297461
-0.02961
-0.0283137
-0.0280321
-0.0258718
-0.0254562
-0.0225024
-0.0219639
-0.0182852
-0.017635
-0.0132991
-0.0125481
-0.00762321
-0.00678253
-0.00133849
-0.00041965
0.00547041
0.00645528
0.0127137
0.0137516
0.0202947
0.0213716
0.0281088
0.0292094
0.0360421
0.0371498
0.0439711
0.045068
0.0517625
0.0528293
0.0592737
0.0602898
0.0663538
0.0672976
0.0728454
0.0736946
0.0785874
0.0793194
0.0834182
0.0840107
0.0871799
0.0876114
0.089723
0.0899735
0.0909112
0.0909629
0.0906267
0.090465
0.0887744
0.0883879
0.0852827
0.0846633
0.0801185
0.0792686
0.0733348
0.0722654
0.064893
0.0635412
0.0540292
0.0522738
0.0423581
0.0413935
0.0159424
0.0150738
0.00547566
0.00380068
-0.00527702
-0.00653666
-0.013406
-0.0143841
-0.0198408
-0.0206141
-0.0247936
-0.0253638
-0.028285
-0.0286593
-0.0303947
-0.0305862
-0.031219
-0.0312405
-0.0308497
-0.0307136
-0.0293756
-0.029094
-0.026883
-0.0264673
-0.0234549
-0.0229164
-0.0191721
-0.0185219
-0.0141142
-0.0133632
-0.0083607
-0.00752002
-0.00199296
-0.00107412
0.00490417
0.00588904
0.0122407
0.0132786
0.0199199
0.0209968
0.0278367
0.0289374
0.0358771
0.0369849
0.0439169
0.0450138
0.051822
0.0528888
0.0594487
0.0604648
0.0666445
0.0675884
0.0732503
0.0740995
0.0791025
0.0798345
0.0840369
0.0846294
0.0878926
0.088324
0.0905166
0.0907671
0.0917694
0.0918212
0.0915298
0.0913682
0.0896996
0.0893131
0.0862043
0.085585
0.0810089
0.080159
0.074166
0.0730966
0.0656373
0.0642855
0.054646
0.0528905
0.042854
0.0419315
0.0105597
0.00953862
-0.000750667
-0.00255005
-0.0121712
-0.0135166
-0.0207539
-0.02179
-0.0274931
-0.0283035
-0.0326232
-0.0332108
-0.0361735
-0.0365472
-0.0382362
-0.0384114
-0.0389211
-0.0389127
-0.0383328
-0.0381551
-0.0365714
-0.0362379
-0.0337324
-0.0332561
-0.0299069
-0.0293002
-0.0251818
-0.0244567
-0.0196414
-0.0188092
-0.0133681
-0.0124405
-0.00644568
-0.00543437
0.00103993
0.00212262
0.00899784
0.0101388
0.0173305
0.0185155
0.0259318
0.0271454
0.0346856
0.0359107
0.0434646
0.0446826
0.0521299
0.0533206
0.0605309
0.0616722
0.0685056
0.0695743
0.075883
0.0768547
0.082485
0.0833343
0.0881297
0.0888313
0.0926365
0.0931655
0.0958308
0.0961636
0.0975501
0.0976654
0.097651
0.0975305
0.0960136
0.0956426
0.0925447
0.0919126
0.0871948
0.0863025
0.0800119
0.0788703
0.070947
0.0694865
0.0591601
0.0572481
0.0464149
0.0453542
0.00933678
0.00841136
-0.00189905
-0.00369843
-0.0134233
-0.0147687
-0.022074
-0.0231101
-0.0288585
-0.0296689
-0.0340124
-0.0346
-0.0375664
-0.0379401
-0.0396152
-0.0397903
-0.0402709
-0.0402625
-0.0396404
-0.0394626
-0.0378254
-0.037492
-0.0349234
-0.0344472
-0.0310267
-0.0304201
-0.0262232
-0.025498
-0.0205977
-0.0197656
-0.0142335
-0.0133059
-0.0072143
-0.00620299
0.000373636
0.00145633
0.00843939
0.00958035
0.0168853
0.0180704
0.0256053
0.0268188
0.0344828
0.0357079
0.0433901
0.0446081
0.0521877
0.0533783
0.0607235
0.0618648
0.0688344
0.0699031
0.0763471
0.0773187
0.083081
0.0839303
0.0888514
0.0895529
0.0934741
0.094003
0.0967707
0.0971034
0.0985747
0.0986899
0.0987386
0.0986181
0.097139
0.096768
0.0936791
0.093047
0.0883066
0.0874143
0.0810689
0.0799273
0.0719172
0.0704567
0.0599969
0.0580848
0.0471447
0.046146
0.00240583
0.00130088
-0.0097541
-0.0116816
-0.02196
-0.0233914
-0.0310576
-0.0321489
-0.0381228
-0.0389651
-0.0434161
-0.0440138
-0.0469786
-0.0473427
-0.0489199
-0.0490683
-0.0493681
-0.0493182
-0.0484446
-0.0482128
-0.0462642
-0.0458661
-0.0429351
-0.0423851
-0.0385585
-0.0378703
-0.0332291
-0.0324154
-0.0270365
-0.0261095
-0.0200671
-0.0190387
-0.0124064
-0.0112884
-0.00414122
-0.00294619
0.00463722
0.00589626
0.0138314
0.0151402
0.0233348
0.0246778
0.03303
0.0343898
0.0427868
0.0441442
0.0524613
0.0537952
0.0618949
0.0631821
0.0709151
0.0721303
0.079336
0.0804525
0.0869612
0.0879509
0.0935867
0.0944207
0.0990058
0.0996555
0.103015
0.103453
0.105422
0.105621
0.106051
0.10599
0.104753
0.104413
0.101407
0.100775
0.0959439
0.0950166
0.0884012
0.0871901
0.0787167
0.0771446
0.0659655
0.0638871
0.0520718
0.0509078
0.000852111
-0.000131322
-0.0111792
-0.0131067
-0.023491
-0.0249224
-0.0326549
-0.0337462
-0.0397607
-0.040603
-0.0450707
-0.0456684
-0.0486277
-0.0489918
-0.0505441
-0.0506925
-0.050951
-0.0509011
-0.0499721
-0.0497404
-0.0477246
-0.0473265
-0.0443186
-0.0437686
-0.0398566
-0.0391685
-0.0344347
-0.033621
-0.028143
-0.027216
-0.0210684
-0.02004
-0.0132966
-0.0121787
-0.00491466
-0.00371963
0.00398649
0.00524552
0.0133093
0.0146182
0.0229475
0.0242905
0.0327834
0.0341432
0.0426866
0.0440441
0.0525125
0.0538464
0.0621016
0.0633888
0.0712797
0.072495
0.079859
0.0809755
0.0876402
0.0886299
0.0944162
0.0952502
0.0999763
0.100626
0.104113
0.10455
0.106628
0.106827
0.107342
0.107281
0.106101
0.105761
0.10278
0.102147
0.0973056
0.0963783
0.0897144
0.0885033
0.0799438
0.0783717
0.0670529
0.0649745
0.0530682
0.0519887
-0.00778638
-0.00897961
-0.0208338
-0.0228941
-0.0338442
-0.0353618
-0.043446
-0.044589
-0.0508025
-0.0516702
-0.0562042
-0.0568029
-0.0597073
-0.0600506
-0.0614423
-0.0615512
-0.0615594
-0.0614542
-0.0601997
-0.0598995
-0.0574956
-0.0570181
-0.0535701
-0.0529316
-0.0485358
-0.0477512
-0.042496
-0.0415791
-0.035546
-0.0345096
-0.0277757
-0.0266319
-0.019272
-0.0180328
-0.0101216
-0.00879942
-0.000414775
0.000977584
0.00975235
0.0112008
0.0202744
0.0217634
0.031034
0.0325462
0.0418997
0.0434155
0.0527236
0.0542211
0.0633404
0.0647952
0.0735669
0.0749519
0.0832024
0.0844884
0.092031
0.0931868
0.0998243
0.100817
0.106347
0.107143
0.111361
0.111929
0.114639
0.114948
0.115969
0.11599
0.115163
0.114874
0.112067
0.111448
0.106582
0.10563
0.0987346
0.0974584
0.0884415
0.0867552
0.0746826
0.072427
0.0595566
0.0582807
-0.00970511
-0.0107483
-0.022565
-0.0246253
-0.0356838
-0.0372014
-0.0453496
-0.0464927
-0.052741
-0.0536088
-0.0581504
-0.0587492
-0.0616365
-0.0619799
-0.0633332
-0.0634422
-0.0633941
-0.063289
-0.0619635
-0.0616634
-0.0591765
-0.0586989
-0.055158
-0.0545195
-0.0500225
-0.049238
-0.0438746
-0.0429577
-0.0368103
-0.0357739
-0.0289199
-0.0277761
-0.0202903
-0.0190511
-0.0110083
-0.00968605
-0.00116363
0.000228733
0.00914773
0.0105962
0.0198207
0.0213098
0.0307383
0.0322505
0.0417688
0.0432847
0.0527641
0.0542616
0.0635578
0.0650125
0.0739654
0.0753504
0.0837842
0.0850702
0.0927953
0.0939511
0.100767
0.10176
0.107459
0.108256
0.112629
0.113197
0.116044
0.116353
0.117485
0.117507
0.11676
0.116471
0.113708
0.113089
0.108227
0.107275
0.100339
0.0990632
0.0899623
0.088276
0.0760571
0.0738015
0.0608584
0.059693
-0.0202307
-0.0215174
-0.0342118
-0.0364106
-0.0480498
-0.0496536
-0.058141
-0.0593313
-0.0657443
-0.0666293
-0.0711851
-0.0717736
-0.0745393
-0.0748481
-0.0759634
-0.0760173
-0.0756343
-0.0754574
-0.0737178
-0.0733321
-0.0703672
-0.0697931
-0.0657227
-0.0649787
-0.0599103
-0.0590128
-0.0530428
-0.0520067
-0.0452216
-0.0440602
-0.0365395
-0.0352651
-0.0270839
-0.0257085
-0.0169402
-0.0154757
-0.00619584
-0.00465481
0.00505621
0.00666024
0.0167137
0.0183656
0.0286618
0.0303444
0.0407694
0.042463
0.0528868
0.054569
0.0648435
0.0664887
0.0764466
0.0780262
0.087481
0.0889633
0.0977103
0.0990608
0.10688
0.108062
0.114722
0.115697
0.120962
0.121692
0.125329
0.125777
0.127565
0.127696
0.127437
0.127223
0.124748
0.124163
0.119362
0.118399
0.111284
0.109949
0.100404
0.0986015
0.0855935
0.0831487
0.0691411
0.0677438
-0.0225531
-0.0236582
-0.0362826
-0.0384814
-0.0502319
-0.0518358
-0.0603842
-0.0615744
-0.0680148
-0.0688997
-0.0734519
-0.0740404
-0.0767746
-0.0770834
-0.0781437
-0.0781976
-0.0777405
-0.0775635
-0.0757344
-0.0753487
-0.072282
-0.0717079
-0.067526
-0.066782
-0.0615945
-0.060697
-0.0546017
-0.0535655
-0.0466497
-0.0454882
-0.0378316
-0.0365572
-0.0282347
-0.0268593
-0.0179443
-0.0164798
-0.007047
-0.00550597
0.00436475
0.00596877
0.0161894
0.0178413
0.0283126
0.0299952
0.0406036
0.0422972
0.0529126
0.0545948
0.0650685
0.0667137
0.0768772
0.0784568
0.0881215
0.0896038
0.0985623
0.0999127
0.107941
0.109123
0.115985
0.11696
0.122415
0.123145
0.126951
0.127399
0.12933
0.129462
0.129312
0.129098
0.126692
0.126107
0.121328
0.120365
0.113222
0.111887
0.102262
0.100459
0.0872986
0.0848538
0.0707952
0.0695382
-0.03517
-0.0365567
-0.0501417
-0.0524859
-0.0648343
-0.0665243
-0.0753946
-0.076626
-0.0831866
-0.084078
-0.0885776
-0.0891412
-0.0916695
-0.0919263
-0.0926522
-0.0926319
-0.0917362
-0.0914672
-0.0891173
-0.0886257
-0.0849746
-0.0842838
-0.0794687
-0.0785997
-0.0727412
-0.0717123
-0.0649157
-0.0637426
-0.0560996
-0.0547963
-0.046388
-0.044967
-0.0358675
-0.0343404
-0.0246205
-0.0229986
-0.0127294
-0.0110244
-0.000281409
0.0014939
0.0126271
0.0144584
0.0258864
0.0277571
0.0393689
0.0412597
0.0529257
0.054814
0.0663834
0.068243
0.0795415
0.0813421
0.0921713
0.0938788
0.104016
0.105593
0.114794
0.116198
0.124201
0.125389
0.13192
0.132847
0.13763
0.138252
0.141018
0.141293
0.141797
0.141687
0.139711
0.139184
0.134578
0.13362
0.126368
0.124984
0.114939
0.113019
0.0990344
0.0963876
0.0811515
0.0796219
-0.0379403
-0.0391103
-0.0525905
-0.0549347
-0.067398
-0.069088
-0.0780151
-0.0792465
-0.0858244
-0.0867158
-0.0911969
-0.0917606
-0.0942389
-0.0944958
-0.0951458
-0.0951255
-0.0941334
-0.0938644
-0.0914023
-0.0909106
-0.0871354
-0.0864446
-0.0814965
-0.0806274
-0.0746295
-0.0736005
-0.0666595
-0.0654864
-0.0576946
-0.0563913
-0.0478302
-0.0464093
-0.0371527
-0.0356256
-0.0257437
-0.0241217
-0.0136846
-0.0119797
-0.00106177
0.000713533
0.0120297
0.013861
0.0254809
0.0273516
0.0391651
0.0410559
0.0529338
0.0548221
0.0666134
0.068473
0.0800025
0.0818031
0.0928707
0.0945781
0.104959
0.106535
0.11598
0.117384
0.125625
0.126813
0.133572
0.134499
0.13949
0.140112
0.14306
0.143335
0.143984
0.143873
0.141998
0.14147
0.13691
0.135952
0.128689
0.127305
0.117185
0.115266
0.101122
0.0984752
0.0832138
0.0818592
-0.0528835
-0.0543778
-0.0689163
-0.0714143
-0.0844958
-0.0862713
-0.0954957
-0.0967601
-0.103399
-0.104283
-0.108624
-0.109144
-0.111309
-0.111492
-0.111686
-0.111568
-0.110008
-0.109623
-0.10651
-0.105888
-0.101401
-0.10057
-0.0948676
-0.0938511
-0.0870684
-0.0858869
-0.0781391
-0.0768096
-0.0681932
-0.0667302
-0.0573272
-0.055743
-0.0456253
-0.0439308
-0.0331641
-0.0313697
-0.0200184
-0.0181346
-0.00626639
-0.00430459
0.00800493
0.0100317
0.0226945
0.0247708
0.0376821
0.0397893
0.0528232
0.0549392
0.067945
0.0700431
0.0828422
0.0848912
0.0972748
0.0992383
0.110967
0.112803
0.123608
0.125271
0.134855
0.136296
0.144344
0.14551
0.151695
0.152533
0.156531
0.156989
0.158494
0.158524
0.157257
0.156818
0.152572
0.151643
0.144366
0.142946
0.132445
0.130409
0.115408
0.112546
0.0959788
0.0943047
-0.0561527
-0.0573914
-0.071788
-0.074286
-0.0874863
-0.0892618
-0.098537
-0.0998014
-0.106444
-0.107328
-0.111632
-0.112152
-0.114243
-0.114426
-0.114517
-0.114399
-0.112716
-0.11233
-0.109078
-0.108456
-0.103818
-0.102987
-0.097126
-0.0961095
-0.0891639
-0.0879824
-0.0800687
-0.0787393
-0.0699546
-0.0684916
-0.0589181
-0.0573339
-0.0470428
-0.0453483
-0.0344043
-0.0326099
-0.0210761
-0.0191922
-0.00713463
-0.00517283
0.0073346
0.00936133
0.0222322
0.0243084
0.0374391
0.0395464
0.0528121
0.054928
0.0681784
0.0702766
0.0833327
0.0853816
0.0980332
0.0999967
0.112002
0.113838
0.124923
0.126587
0.136451
0.137892
0.146211
0.147377
0.153816
0.154654
0.158879
0.159337
0.16103
0.16106
0.159931
0.159492
0.155324
0.154395
0.147128
0.145707
0.135142
0.133107
0.117941
0.115078
0.0985167
0.0970581
-0.0736965
-0.0753083
-0.090879
-0.0935414
-0.107383
-0.109243
-0.11878
-0.120066
-0.126689
-0.127547
-0.131596
-0.132048
-0.133686
-0.133767
-0.133249
-0.133002
-0.130592
-0.130059
-0.125996
-0.125214
-0.119712
-0.118712
-0.111955
-0.110765
-0.102903
-0.101546
-0.0927069
-0.0911997
-0.0814842
-0.0798422
-0.0693318
-0.0675669
-0.0563287
-0.0544509
-0.0425429
-0.0405612
-0.0280381
-0.0259611
-0.0128794
-0.0107167
0.00285981
0.00509701
0.0190918
0.0213899
0.0357082
0.0380502
0.0525738
0.0549385
0.069521
0.0718821
0.086344
0.0886695
0.102795
0.105047
0.118581
0.120714
0.133363
0.135328
0.146759
0.148498
0.15835
0.159803
0.167691
0.168794
0.174327
0.175016
0.177812
0.178028
0.17773
0.177419
0.173748
0.172877
0.165726
0.164287
0.153401
0.151253
0.1352
0.132107
0.114094
0.112262
-0.0775247
-0.078837
-0.0942268
-0.0968891
-0.110854
-0.112714
-0.122293
-0.123579
-0.130188
-0.131046
-0.135032
-0.135484
-0.137017
-0.137098
-0.136443
-0.136197
-0.133628
-0.133095
-0.128859
-0.128076
-0.122391
-0.121392
-0.114446
-0.113256
-0.105205
-0.103847
-0.0948183
-0.093311
-0.0834062
-0.0817642
-0.0710645
-0.0692997
-0.0578714
-0.0559937
-0.0438934
-0.0419117
-0.0291921
-0.0271151
-0.0138305
-0.0116678
0.00212041
0.00435761
0.0185751
0.0208732
0.0354273
0.0377693
0.0525437
0.0549084
0.0697576
0.0721187
0.0868636
0.0891892
0.103613
0.105865
0.119711
0.121845
0.134815
0.13678
0.148537
0.150276
0.160449
0.161902
0.170097
0.1712
0.177014
0.177703
0.180741
0.180956
0.180846
0.180534
0.176981
0.17611
0.168998
0.167559
0.156623
0.154475
0.138253
0.135159
0.117189
0.11562
-0.097995
-0.0997362
-0.116439
-0.119279
-0.133912
-0.135853
-0.145642
-0.146934
-0.153414
-0.15422
-0.157798
-0.15815
-0.159047
-0.158989
-0.157527
-0.157114
-0.153616
-0.152898
-0.147656
-0.146677
-0.139944
-0.138742
-0.130731
-0.129336
-0.12022
-0.118658
-0.108572
-0.106864
-0.0959129
-0.0940713
-0.0823346
-0.0803713
-0.0679087
-0.065832
-0.0526906
-0.0505074
-0.0367281
-0.0344449
-0.0200688
-0.0176923
-0.00276703
-0.000305883
0.0151082
0.0176431
0.0334664
0.0360602
0.0521875
0.0548209
0.071115
0.0737629
0.0900486
0.0926792
0.108737
0.111312
0.126876
0.129347
0.1441
0.146411
0.159987
0.162075
0.174058
0.175853
0.185796
0.187222
0.194651
0.195631
0.200074
0.200532
0.201533
0.201398
0.198579
0.197807
0.190982
0.189551
0.178382
0.176128
0.158997
0.155656
0.136069
0.134062
-0.102454
-0.103846
-0.120327
-0.123167
-0.137928
-0.139869
-0.149688
-0.15098
-0.157419
-0.158226
-0.161705
-0.162058
-0.16281
-0.162752
-0.16111
-0.160697
-0.156997
-0.156278
-0.150821
-0.149842
-0.142887
-0.141685
-0.13345
-0.132056
-0.122719
-0.121157
-0.110855
-0.109146
-0.0979828
-0.0961412
-0.0841959
-0.0822325
-0.0695634
-0.0674867
-0.0541387
-0.0519555
-0.0379669
-0.0356837
-0.0210926
-0.0187162
-0.00356726
-0.00110611
0.0145435
0.0170783
0.0331521
0.0357458
0.052141
0.0547744
0.0713561
0.0740039
0.0905981
0.0932287
0.109616
0.112191
0.128104
0.130575
0.145694
0.148005
0.161956
0.164044
0.176406
0.178201
0.188513
0.189939
0.197715
0.198695
0.203444
0.203902
0.20515
0.205016
0.202367
0.201594
0.194848
0.193416
0.18222
0.179965
0.162662
0.159321
0.13982
0.138132
-0.126245
-0.128132
-0.146095
-0.149129
-0.164585
-0.166602
-0.176554
-0.17783
-0.183986
-0.184706
-0.187571
-0.18778
-0.187655
-0.187412
-0.184706
-0.184077
-0.179194
-0.178243
-0.171537
-0.170317
-0.162092
-0.160647
-0.151149
-0.149515
-0.138939
-0.137143
-0.125636
-0.123699
-0.111366
-0.109303
-0.096217
-0.0940368
-0.0802469
-0.077956
-0.0634941
-0.0610964
-0.045985
-0.0434838
-0.0277436
-0.0251424
-0.00879946
-0.0061031
0.010804
0.0135879
0.0310006
0.0338609
0.0516931
0.0546132
0.0727437
0.0757007
0.093965
0.0969285
0.115111
0.118042
0.13587
0.138719
0.155857
0.158563
0.174609
0.177102
0.191589
0.19379
0.206195
0.208013
0.217773
0.219115
0.225642
0.226412
0.229125
0.229231
0.227624
0.227001
0.220776
0.219388
0.208087
0.205739
0.187516
0.183911
0.1626
0.1604
-0.131423
-0.132904
-0.150603
-0.153637
-0.169226
-0.171243
-0.181205
-0.182481
-0.188562
-0.189282
-0.192001
-0.19221
-0.191887
-0.191643
-0.188701
-0.188073
-0.182932
-0.181981
-0.175008
-0.173787
-0.165293
-0.163848
-0.154086
-0.152452
-0.141619
-0.139824
-0.12807
-0.126134
-0.113563
-0.1115
-0.0981854
-0.0960053
-0.0819926
-0.0797016
-0.0650199
-0.0626222
-0.0472904
-0.0447892
-0.0288243
-0.0262231
-0.00964702
-0.00695066
0.010202
0.012986
0.0306608
0.033521
0.0516357
0.0545557
0.0729924
0.0759494
0.0945459
0.0975094
0.116052
0.118983
0.137198
0.140046
0.157597
0.160303
0.17678
0.179273
0.194203
0.196403
0.20925
0.211069
0.221252
0.222594
0.229507
0.230277
0.233315
0.233421
0.232052
0.231429
0.225335
0.223947
0.21265
0.210302
0.191906
0.1883
0.167129
0.165312
-0.159025
-0.161076
-0.180467
-0.183716
-0.200026
-0.202111
-0.212089
-0.213315
-0.218896
-0.219482
-0.221302
-0.22131
-0.219789
-0.219297
-0.21496
-0.214054
-0.207408
-0.206164
-0.197644
-0.196128
-0.186095
-0.184359
-0.1731
-0.171186
-0.158917
-0.156853
-0.143731
-0.141538
-0.127665
-0.125358
-0.110797
-0.108382
-0.0931655
-0.0906461
-0.074785
-0.0721615
-0.0556543
-0.052926
-0.0357673
-0.032933
-0.0151212
-0.0121813
0.00627328
0.0093158
0.0283826
0.031521
0.0511407
0.0543626
0.0744378
0.077724
0.0981094
0.101432
0.121925
0.125245
0.145574
0.148843
0.16866
0.171814
0.190685
0.193647
0.211056
0.213735
0.229078
0.23137
0.243977
0.245767
0.254916
0.256085
0.261036
0.261465
0.261539
0.261136
0.255881
0.254584
0.243372
0.240949
0.221639
0.217751
0.194546
0.19213
-0.165031
-0.166613
-0.185695
-0.188943
-0.205391
-0.207475
-0.217434
-0.21866
-0.224115
-0.224701
-0.226311
-0.226319
-0.224528
-0.224035
-0.21939
-0.218483
-0.21151
-0.210266
-0.201414
-0.199898
-0.18954
-0.187804
-0.176232
-0.174318
-0.161753
-0.159689
-0.146287
-0.144095
-0.129959
-0.127651
-0.112842
-0.110427
-0.0949722
-0.0924527
-0.0763603
-0.0737369
-0.0570007
-0.0542723
-0.036882
-0.0340478
-0.0159967
-0.0130569
0.00564981
0.00869233
0.0280293
0.0311677
0.0510808
0.0543027
0.0746992
0.0779854
0.0987242
0.102047
0.122928
0.126249
0.147002
0.150271
0.170547
0.173702
0.193065
0.196027
0.21395
0.216628
0.232497
0.234788
0.247912
0.249702
0.259336
0.260505
0.265879
0.266307
0.26671
0.266307
0.261256
0.259959
0.248796
0.246372
0.226895
0.223007
0.200002
0.198049
-0.197067
-0.199309
-0.220342
-0.223831
-0.241018
-0.243153
-0.252949
-0.254079
-0.258722
-0.259106
-0.259426
-0.259155
-0.255737
-0.254914
-0.248442
-0.247178
-0.238291
-0.23668
-0.225913
-0.224035
-0.211817
-0.209734
-0.196395
-0.194152
-0.179929
-0.177558
-0.16261
-0.160132
-0.144555
-0.14198
-0.12582
-0.123153
-0.106419
-0.103658
-0.0863328
-0.0834748
-0.0655257
-0.0625639
-0.043953
-0.040881
-0.021572
-0.0183844
0.00164762
0.00495388
0.0257142
0.0291381
0.0506026
0.0541374
0.0762421
0.0798738
0.102503
0.106208
0.129182
0.132926
0.155986
0.159719
0.182517
0.186175
0.208255
0.211755
0.232552
0.235792
0.254623
0.257482
0.273556
0.275899
0.288334
0.290011
0.297869
0.298726
0.301102
0.301011
0.297234
0.296098
0.285295
0.282827
0.262472
0.258282
0.232977
0.230319
-0.204044
-0.20574
-0.226418
-0.229907
-0.247232
-0.249367
-0.259097
-0.260228
-0.264671
-0.265056
-0.265077
-0.264805
-0.26102
-0.260197
-0.253322
-0.252057
-0.242754
-0.241144
-0.229966
-0.228089
-0.215478
-0.213395
-0.199688
-0.197445
-0.18288
-0.180509
-0.165247
-0.162769
-0.146902
-0.144328
-0.1279
-0.125233
-0.108247
-0.105486
-0.0879207
-0.0850627
-0.0668793
-0.0639176
-0.0450721
-0.0420001
-0.0224501
-0.0192625
0.0010235
0.00432976
0.0253636
0.0287874
0.0505515
0.0540863
0.076523
0.0801547
0.103154
0.106859
0.130247
0.133991
0.157512
0.161245
0.184552
0.18821
0.210845
0.214345
0.235736
0.238976
0.258428
0.261288
0.277989
0.280332
0.293373
0.29505
0.303456
0.304313
0.307137
0.307045
0.303571
0.302435
0.291748
0.28928
0.26877
0.26458
0.23955
0.23745
-0.241327
-0.243793
-0.266745
-0.270505
-0.288566
-0.290723
-0.30001
-0.300973
-0.304154
-0.304241
-0.302428
-0.30177
-0.295784
-0.294521
-0.285259
-0.283533
-0.271803
-0.269734
-0.256191
-0.253872
-0.239022
-0.236525
-0.22074
-0.218116
-0.201648
-0.198928
-0.181932
-0.179136
-0.161691
-0.158826
-0.140951
-0.138016
-0.119687
-0.116676
-0.0978408
-0.0947432
-0.0753298
-0.0721327
-0.0520627
-0.0487529
-0.0279481
-0.0245133
-0.00290536
0.00066461
0.0231251
0.0268365
0.0501702
0.0540236
0.0782107
0.0821993
0.107166
0.111273
0.136877
0.141072
0.167084
0.171323
0.197406
0.201625
0.22732
0.231432
0.256133
0.260027
0.282976
0.286516
0.306793
0.309817
0.326359
0.328682
0.340302
0.341726
0.347228
0.347574
0.345978
0.3451
0.335177
0.332714
0.311415
0.306902
0.279257
0.276325
-0.249462
-0.251291
-0.273841
-0.277601
-0.295792
-0.297949
-0.307101
-0.308064
-0.310938
-0.311025
-0.308788
-0.308129
-0.301647
-0.300384
-0.290596
-0.28887
-0.276613
-0.274543
-0.260495
-0.258177
-0.242855
-0.240359
-0.224142
-0.221517
-0.204659
-0.20194
-0.184593
-0.181797
-0.164037
-0.161172
-0.143011
-0.140077
-0.121486
-0.118475
-0.0993951
-0.0962974
-0.0766491
-0.0734519
-0.0531495
-0.0498397
-0.0287975
-0.0253627
-0.00350466
6.53093e-05
0.0227966
0.026508
0.0501413
0.0539947
0.0785184
0.0825069
0.107856
0.111962
0.138001
0.142196
0.168701
0.172941
0.199581
0.2038
0.230116
0.234228
0.259611
0.263505
0.287185
0.290725
0.311762
0.314785
0.332083
0.334406
0.346735
0.348159
0.354267
0.354613
0.353459
0.352581
0.342874
0.340411
0.318983
0.314471
0.28719
0.284931
-0.293089
-0.295822
-0.321047
-0.325113
-0.343983
-0.346113
-0.354378
-0.355066
-0.356014
-0.355668
-0.350836
-0.349643
-0.340187
-0.338341
-0.325441
-0.323122
-0.307797
-0.305155
-0.288198
-0.285344
-0.267342
-0.264356
-0.245714
-0.24265
-0.223625
-0.220514
-0.201243
-0.198099
-0.178629
-0.175454
-0.155765
-0.152552
-0.132576
-0.129309
-0.108947
-0.105609
-0.0847412
-0.081312
-0.0598107
-0.0562689
-0.0340062
-0.030331
-0.00718734
-0.00336016
0.020767
0.0247612
0.0499472
0.0541181
0.0803992
0.0847493
0.112108
0.11663
0.144978
0.14965
0.178806
0.18359
0.213254
0.218091
0.247818
0.252621
0.281789
0.286441
0.314227
0.318577
0.343936
0.347794
0.369456
0.372598
0.389083
0.391255
0.400987
0.401944
0.403513
0.403035
0.394698
0.392317
0.370276
0.365424
0.335151
0.331903
-0.302638
-0.304625
-0.329395
-0.333461
-0.352438
-0.354567
-0.362583
-0.363271
-0.363755
-0.363408
-0.357976
-0.356784
-0.346658
-0.344812
-0.331226
-0.328907
-0.312918
-0.310276
-0.292701
-0.289846
-0.271282
-0.268296
-0.249154
-0.246089
-0.226624
-0.223513
-0.203856
-0.200712
-0.180904
-0.177729
-0.157742
-0.154528
-0.134285
-0.131019
-0.110413
-0.107075
-0.0859773
-0.0825482
-0.0608229
-0.057281
-0.0347912
-0.031116
-0.00773296
-0.00390579
0.0204822
0.0244764
0.0499545
0.0541255
0.0807402
0.0850903
0.112835
0.117357
0.146153
0.150825
0.180502
0.185286
0.215552
0.220389
0.250805
0.255607
0.285551
0.290203
0.318844
0.323194
0.349468
0.353326
0.37593
0.379072
0.396473
0.398645
0.409197
0.410153
0.412363
0.411884
0.403913
0.401532
0.379413
0.374561
0.344763
0.342332
-0.35413
-0.357187
-0.385124
-0.389533
-0.409018
-0.411032
-0.417451
-0.4177
-0.415276
-0.414299
-0.405204
-0.403276
-0.389138
-0.386519
-0.368889
-0.365813
-0.345964
-0.342611
-0.321486
-0.317986
-0.296242
-0.292682
-0.270742
-0.267176
-0.245277
-0.241731
-0.219971
-0.216451
-0.194825
-0.191324
-0.169755
-0.166256
-0.144617
-0.141096
-0.119229
-0.115658
-0.0933866
-0.0897358
-0.0668741
-0.0631131
-0.0394753
-0.0355739
-0.0109811
-0.00691097
0.0188008
0.0230651
0.0500361
0.0545152
0.0828503
0.0875581
0.117312
0.122253
0.153411
0.158576
0.191029
0.196392
0.229906
0.235415
0.269592
0.275168
0.3094
0.314925
0.348355
0.353665
0.385139
0.390019
0.418054
0.422234
0.445006
0.448166
0.46362
0.465426
0.471563
0.471691
0.46601
0.463834
0.441443
0.43624
0.403008
0.399397
-0.365457
-0.367628
-0.395046
-0.399455
-0.418988
-0.421003
-0.426989
-0.427238
-0.424114
-0.423137
-0.413196
-0.411268
-0.396228
-0.393609
-0.375091
-0.372015
-0.351334
-0.347981
-0.326104
-0.322605
-0.300198
-0.296639
-0.274125
-0.270559
-0.24817
-0.244624
-0.222446
-0.218926
-0.196945
-0.193444
-0.171571
-0.168071
-0.146168
-0.142647
-0.120545
-0.116974
-0.0944856
-0.0908348
-0.0677653
-0.0640043
-0.0401575
-0.0362562
-0.0114431
-0.00737288
0.0185812
0.0228456
0.0500922
0.0545714
0.0832276
0.0879355
0.11807
0.12301
0.154621
0.159786
0.192779
0.198142
0.232297
0.237806
0.272736
0.278312
0.313417
0.318942
0.353365
0.358674
0.391246
0.396126
0.42533
0.429511
0.453466
0.456625
0.473189
0.474995
0.482056
0.482183
0.477097
0.474922
0.45255
0.447347
0.414734
0.412118
-0.427003
-0.430452
-0.461613
-0.466391
-0.486027
-0.487772
-0.491005
-0.490561
-0.483063
-0.481171
-0.466064
-0.463123
-0.442688
-0.43905
-0.415304
-0.411265
-0.385766
-0.381541
-0.355376
-0.351109
-0.324978
-0.320757
-0.295064
-0.290936
-0.265864
-0.261844
-0.237416
-0.233499
-0.209632
-0.205797
-0.182332
-0.17855
-0.155285
-0.151519
-0.128223
-0.124434
-0.100863
-0.0970092
-0.0729105
-0.068952
-0.0440749
-0.0399704
-0.0140698
-0.00977992
0.0173775
0.0218898
0.0505186
0.0552865
0.0855726
0.090624
0.122711
0.128065
0.162034
0.167698
0.203541
0.209505
0.247089
0.25332
0.292338
0.298768
0.33868
0.345198
0.385162
0.391602
0.430395
0.43652
0.472464
0.477959
0.508854
0.513319
0.536525
0.539514
0.55224
0.55328
0.551913
0.550146
0.52814
0.522598
0.486061
0.48203
-0.440642
-0.443024
-0.473569
-0.478347
-0.497904
-0.499649
-0.502149
-0.501705
-0.493156
-0.491263
-0.474964
-0.472024
-0.450379
-0.446741
-0.421851
-0.417812
-0.391283
-0.387057
-0.359993
-0.355725
-0.328827
-0.324606
-0.29827
-0.294142
-0.268535
-0.264516
-0.239648
-0.235731
-0.211501
-0.207666
-0.183901
-0.180118
-0.156602
-0.152835
-0.129323
-0.125533
-0.101768
-0.0979147
-0.073634
-0.0696754
-0.0446169
-0.0405124
-0.01442
-0.0101302
0.0172412
0.0217534
0.050631
0.0553989
0.0859826
0.091034
0.123483
0.128837
0.163251
0.168915
0.205304
0.211269
0.249521
0.255752
0.295581
0.302011
0.342894
0.349412
0.390516
0.396955
0.437055
0.44318
0.48057
0.486066
0.518488
0.522953
0.547663
0.550652
0.564711
0.565751
0.56534
0.563573
0.54177
0.536227
0.500511
0.497706
-0.515508
-0.519426
-0.554316
-0.559453
-0.578229
-0.579431
-0.57728
-0.575745
-0.560619
-0.557399
-0.533826
-0.529497
-0.500629
-0.495657
-0.464064
-0.458814
-0.426344
-0.42106
-0.388896
-0.38373
-0.352553
-0.347582
-0.317714
-0.312971
-0.284482
-0.279962
-0.252758
-0.248435
-0.222314
-0.21815
-0.192849
-0.188797
-0.164016
-0.160025
-0.135445
-0.131463
-0.106762
-0.102735
-0.0775854
-0.0734609
-0.0475422
-0.0432676
-0.0162631
-0.0117872
0.0166117
0.0213387
0.0514287
0.0564543
0.0885132
0.093881
0.128157
0.133905
0.170599
0.176755
0.215992
0.222569
0.264363
0.271352
0.315545
0.322902
0.369092
0.376727
0.424168
0.431924
0.479408
0.487041
0.532756
0.539911
0.581292
0.587483
0.621211
0.625854
0.648108
0.650524
0.656084
0.655067
0.63484
0.629024
0.588925
0.584416
-0.532276
-0.534882
-0.568979
-0.574115
-0.592541
-0.593743
-0.590366
-0.58883
-0.572125
-0.568905
-0.543659
-0.539329
-0.50885
-0.503878
-0.47083
-0.46558
-0.43185
-0.426567
-0.393345
-0.388179
-0.356132
-0.351162
-0.32059
-0.315847
-0.286795
-0.282275
-0.254623
-0.250301
-0.223826
-0.219662
-0.194079
-0.190028
-0.16502
-0.161029
-0.136263
-0.132281
-0.10742
-0.103393
-0.078098
-0.0739734
-0.0479116
-0.0436371
-0.01648
-0.0120041
0.0165691
0.021296
0.0515958
0.0566213
0.088941
0.0943089
0.128915
0.134663
0.171777
0.177933
0.217707
0.224284
0.266757
0.273745
0.318793
0.32615
0.373399
0.381034
0.429766
0.437522
0.486545
0.494179
0.541671
0.548827
0.592173
0.598364
0.634134
0.638777
0.662963
0.665379
0.672468
0.67145
0.651773
0.645957
0.606999
0.604024
-0.62555
-0.630004
-0.668858
-0.674242
-0.690039
-0.690208
-0.679032
-0.675781
-0.649192
-0.644047
-0.608597
-0.602371
-0.562303
-0.555599
-0.514069
-0.507315
-0.466388
-0.459846
-0.420692
-0.414498
-0.377665
-0.371871
-0.337498
-0.332103
-0.300069
-0.295039
-0.265066
-0.260348
-0.232075
-0.227604
-0.200629
-0.196339
-0.170243
-0.166064
-0.140428
-0.136293
-0.110706
-0.106548
-0.0806058
-0.0763586
-0.0496656
-0.0452655
-0.0174307
-0.0128141
0.0165494
0.0214456
0.0527213
0.0579597
0.0915259
0.0971681
0.133392
0.139496
0.17872
0.18534
0.227858
0.235038
0.281058
0.288822
0.33841
0.346753
0.399739
0.408608
0.464467
0.473737
0.531415
0.540858
0.598549
0.607789
0.662656
0.671128
0.719151
0.726113
0.762204
0.766705
0.783378
0.78369
0.767907
0.762009
0.7185
0.713477
-0.646762
-0.649557
-0.687228
-0.692612
-0.707505
-0.707673
-0.694454
-0.691203
-0.662246
-0.6571
-0.619313
-0.613088
-0.570897
-0.564194
-0.520841
-0.514088
-0.471656
-0.465114
-0.42475
-0.418556
-0.380769
-0.374975
-0.339863
-0.334468
-0.301866
-0.296836
-0.266433
-0.261715
-0.233118
-0.228647
-0.201429
-0.197139
-0.170859
-0.16668
-0.140905
-0.136769
-0.111071
-0.106912
-0.0808736
-0.0766263
-0.0498403
-0.0454401
-0.0175039
-0.0128872
0.0165986
0.0214948
0.0529277
0.0581662
0.0919411
0.0975833
0.134087
0.140192
0.179791
0.186412
0.229432
0.236612
0.283297
0.291061
0.341521
0.349864
0.403977
0.412846
0.470137
0.479407
0.53887
0.548313
0.608164
0.617404
0.674786
0.683258
0.734048
0.74101
0.779909
0.784409
0.803532
0.803844
0.789278
0.78338
0.741599
0.738536
-0.76676
-0.771742
-0.813765
-0.819029
-0.827489
-0.825743
-0.799494
-0.793546
-0.749766
-0.74184
-0.689843
-0.681055
-0.626301
-0.617386
-0.563504
-0.554927
-0.503994
-0.495996
-0.448947
-0.441617
-0.398679
-0.392015
-0.352995
-0.346945
-0.311422
-0.305903
-0.273344
-0.268267
-0.238097
-0.233366
-0.205013
-0.200534
-0.173441
-0.169127
-0.142765
-0.13853
-0.112393
-0.108158
-0.081762
-0.0774478
-0.0503233
-0.0458542
-0.0175378
-0.0128381
0.0171339
0.0221405
0.0542391
0.0596306
0.0943383
0.100195
0.138007
0.144411
0.18583
0.192864
0.238386
0.246131
0.296214
0.30474
0.359754
0.369109
0.42924
0.439435
0.504546
0.51552
0.584934
0.596512
0.668688
0.680518
0.752594
0.764067
0.831467
0.841685
0.897927
0.905601
0.94016
0.942809
0.936629
0.931141
0.88565
0.880173
-0.794647
-0.797448
-0.837366
-0.842629
-0.849056
-0.84731
-0.817668
-0.811721
-0.764408
-0.756482
-0.70126
-0.692472
-0.634973
-0.626057
-0.569951
-0.561374
-0.508699
-0.500701
-0.452321
-0.444991
-0.401056
-0.394392
-0.354638
-0.348587
-0.312531
-0.307013
-0.274074
-0.268997
-0.238562
-0.233831
-0.205297
-0.200819
-0.173606
-0.169292
-0.142853
-0.138618
-0.112431
-0.108196
-0.0817659
-0.0774516
-0.0502964
-0.0458272
-0.0174727
-0.012773
0.0172565
0.022263
0.0544519
0.0598434
0.0946907
0.100547
0.138569
0.144973
0.186699
0.193733
0.239694
0.247439
0.298138
0.306663
0.362526
0.371882
0.433167
0.443361
0.510013
0.520986
0.592418
0.603996
0.678746
0.690576
0.765829
0.777301
0.848429
0.858647
0.918968
0.926642
0.965139
0.967788
0.96412
0.958632
0.91609
0.913196
-0.955686
-0.960933
-1.00226
-1.00642
-0.998614
-0.993357
-0.942
-0.931825
-0.862435
-0.850532
-0.775795
-0.763599
-0.689996
-0.678322
-0.609531
-0.598812
-0.536471
-0.526857
-0.471292
-0.46277
-0.413601
-0.406075
-0.36258
-0.355917
-0.317243
-0.311301
-0.276575
-0.271212
-0.2396
-0.234683
-0.205412
-0.200821
-0.173184
-0.168808
-0.142158
-0.137896
-0.111638
-0.107395
-0.0809672
-0.0766547
-0.0495194
-0.0450502
-0.0166786
-0.0119663
0.0181758
0.0232197
0.055685
0.0611533
0.0965256
0.102517
0.141422
0.148043
0.191154
0.19852
0.24656
0.254795
0.308522
0.317751
0.377925
0.388271
0.455576
0.467138
0.542044
0.554871
0.637395
0.65143
0.740723
0.755714
0.849406
0.864781
0.958226
0.972995
1.05854
1.07106
1.13452
1.14129
1.15485
1.15096
1.10846
1.1029
-0.994253
-0.996484
-1.03342
-1.03758
-1.02545
-1.02019
-0.963241
-0.953066
-0.878474
-0.86657
-0.787472
-0.775275
-0.698224
-0.686551
-0.615147
-0.604427
-0.540167
-0.530552
-0.47361
-0.465088
-0.414951
-0.407425
-0.363266
-0.356603
-0.317486
-0.311544
-0.276534
-0.271171
-0.239389
-0.234472
-0.205112
-0.200521
-0.17285
-0.168475
-0.14183
-0.137567
-0.111337
-0.107095
-0.0807079
-0.0763954
-0.0493041
-0.044835
-0.0165008
-0.0117885
0.0183329
0.0233768
0.05585
0.0613183
0.0967423
0.102734
0.141754
0.148376
0.191694
0.19906
0.247437
0.255671
0.309915
0.319144
0.380085
0.39043
0.458846
0.470408
0.546889
0.559716
0.644428
0.658462
0.750727
0.765717
0.863325
0.8787
0.97709
0.991859
1.08329
1.09581
1.1656
1.17237
1.19098
1.1871
1.15031
1.14829
-1.22187
-1.22639
-1.25503
-1.2556
-1.21342
-1.20176
-1.10884
-1.0921
-0.98511
-0.96762
-0.862384
-0.845786
-0.748817
-0.733839
-0.647858
-0.634748
-0.560139
-0.548844
-0.484739
-0.475064
-0.420093
-0.411797
-0.364473
-0.357314
-0.316212
-0.309967
-0.273801
-0.26827
-0.235908
-0.230917
-0.201374
-0.196774
-0.169191
-0.164848
-0.138468
-0.134267
-0.108412
-0.104246
-0.0782904
-0.0740613
-0.0474117
-0.043024
-0.0150991
-0.0104576
0.0193339
0.0243276
0.0566071
0.0620583
0.0974986
0.103523
0.142871
0.149598
0.193696
0.201275
0.251082
0.25968
0.316289
0.326098
0.390731
0.401963
0.475944
0.488823
0.573481
0.588217
0.684675
0.701413
0.810157
0.828874
0.94893
0.969263
1.09705
1.11809
1.24586
1.26575
1.37591
1.38994
1.44321
1.44375
1.41824
1.41375
-1.27845
-1.27855
-1.29721
-1.29778
-1.24677
-1.2351
-1.1331
-1.11635
-1.00188
-0.984392
-0.873458
-0.856859
-0.755759
-0.740782
-0.651916
-0.638806
-0.562242
-0.550947
-0.485553
-0.475877
-0.420083
-0.411787
-0.363961
-0.356802
-0.315418
-0.309172
-0.272872
-0.267341
-0.234945
-0.229955
-0.200445
-0.195844
-0.168338
-0.163995
-0.13772
-0.133519
-0.107785
-0.103619
-0.0777922
-0.0735632
-0.0470438
-0.0426561
-0.0148557
-0.0102142
0.0194658
0.0244595
0.0566495
0.0621007
0.0974858
0.10351
0.142854
0.149582
0.193753
0.201332
0.251326
0.259924
0.316887
0.326696
0.391929
0.403161
0.478101
0.49098
0.577115
0.59185
0.690526
0.707263
0.819255
0.837972
0.962657
0.982989
1.11714
1.13819
1.27429
1.29418
1.41441
1.42844
1.49164
1.49218
1.47876
1.47941
-1.61833
-1.61931
-1.60354
-1.59478
-1.48283
-1.45965
-1.29926
-1.27251
-1.11177
-1.08668
-0.942072
-0.920045
-0.795631
-0.776942
-0.672524
-0.656965
-0.570354
-0.557495
-0.485829
-0.475194
-0.415666
-0.406814
-0.356935
-0.349488
-0.307155
-0.300796
-0.264265
-0.258734
-0.226572
-0.221655
-0.192674
-0.188193
-0.161403
-0.157209
-0.131762
-0.127725
-0.102881
-0.0988891
-0.073979
-0.0699259
-0.0443217
-0.0401073
-0.0131945
-0.00871829
0.0201306
0.0249734
0.0564267
0.0617503
0.0965472
0.10248
0.141465
0.148156
0.192317
0.199944
0.250462
0.259237
0.317538
0.327721
0.395528
0.407432
0.486818
0.500816
0.594208
0.610729
0.720829
0.740327
0.869802
0.892668
1.04337
1.06975
1.24131
1.27078
1.45804
1.48897
1.67348
1.70025
1.83131
1.8426
1.86917
1.86889
-1.70634
-1.70044
-1.66153
-1.65278
-1.52362
-1.50043
-1.32581
-1.29907
-1.12795
-1.10287
-0.951167
-0.929141
-0.800116
-0.781427
-0.674121
-0.658562
-0.570208
-0.557348
-0.484681
-0.474046
-0.41399
-0.405138
-0.355029
-0.347582
-0.305204
-0.298845
-0.262385
-0.256854
-0.224832
-0.219915
-0.191116
-0.186635
-0.16005
-0.155855
-0.130626
-0.12659
-0.10197
-0.0979775
-0.0732925
-0.0692395
-0.0438586
-0.0396442
-0.0129502
-0.00847395
0.0201641
0.025007
0.0562623
0.0615859
0.096205
0.102138
0.140977
0.147668
0.191736
0.199362
0.249869
0.258645
0.317066
0.327249
0.395387
0.407291
0.487339
0.501337
0.595915
0.612437
0.724538
0.744037
0.876764
0.899631
1.05547
1.08184
1.26125
1.29072
1.4894
1.52032
1.72036
1.74712
1.89697
1.90826
1.9613
1.96884
-2.24562
-2.23548
-2.094
-2.06341
-1.8145
-1.7714
-1.50577
-1.46442
-1.23045
-1.1955
-1.00302
-0.974726
-0.82071
-0.798235
-0.676309
-0.658568
-0.562086
-0.548045
-0.471226
-0.460021
-0.398211
-0.389157
-0.338716
-0.331284
-0.289404
-0.283185
-0.247694
-0.242374
-0.21158
-0.206911
-0.179473
-0.175259
-0.150095
-0.146176
-0.122389
-0.118629
-0.0954485
-0.0917316
-0.0684741
-0.0646936
-0.0407227
-0.0367771
-0.0114721
-0.0072601
0.0200156
0.0246006
0.0545324
0.0596079
0.0929667
0.0986679
0.136355
0.142844
0.185948
0.193421
0.243293
0.252
0.310346
0.320607
0.38962
0.401846
0.484365
0.499094
0.598797
0.616721
0.738308
0.7603
0.909587
0.936691
1.12035
1.15366
1.37802
1.41833
1.6858
1.73263
2.03144
2.07978
2.35968
2.39503
2.56028
2.57236
-2.3931
-2.37141
-2.17392
-2.14334
-1.86174
-1.81864
-1.53206
-1.49071
-1.2434
-1.20845
-1.00793
-0.979631
-0.821115
-0.798639
-0.674348
-0.656607
-0.558988
-0.544948
-0.467691
-0.456486
-0.394627
-0.385573
-0.335295
-0.327862
-0.286253
-0.280034
-0.244867
-0.239546
-0.209096
-0.204427
-0.177337
-0.173123
-0.148304
-0.144385
-0.120935
-0.117175
-0.0943246
-0.0906078
-0.0676735
-0.0638929
-0.0402402
-0.0362946
-0.0113045
-0.00709251
0.0198699
0.0244549
0.0540743
0.0591498
0.0921982
0.0978995
0.135282
0.141771
0.184586
0.192059
0.241675
0.250382
0.308541
0.318801
0.387757
0.399983
0.482687
0.497415
0.597736
0.615659
0.738632
0.760624
0.912633
0.939737
1.12843
1.16174
1.39495
1.43526
1.71732
1.76414
2.08561
2.13395
2.44885
2.48421
2.71056
2.7354
-3.33019
-3.28742
-2.79631
-2.71425
-2.1916
-2.11478
-1.69434
-1.6333
-1.31058
-1.26411
-1.02185
-0.987286
-0.807687
-0.782132
-0.64845
-0.62939
-0.528552
-0.514119
-0.4368
-0.425678
-0.365309
-0.356571
-0.308484
-0.30147
-0.262314
-0.256549
-0.223875
-0.219011
-0.190993
-0.186768
-0.16201
-0.158221
-0.135624
-0.132112
-0.110785
-0.107416
-0.0866068
-0.0832677
-0.062315
-0.0589033
-0.0371962
-0.0336148
-0.0105586
-0.00671058
0.0183066
0.0225239
0.0501656
0.0548665
0.0858885
0.0912064
0.126508
0.132606
0.173297
0.180379
0.227878
0.236211
0.292375
0.302313
0.369642
0.381672
0.463597
0.478396
0.579709
0.598233
0.725695
0.7493
0.912522
0.943139
1.15565
1.19591
1.47521
1.52813
1.89255
1.96071
2.42658
2.511
3.08261
3.173
3.70831
3.75499
-3.60722
-3.54278
-2.90353
-2.82147
-2.23442
-2.15761
-1.70958
-1.64853
-1.31227
-1.26579
-1.01709
-0.982518
-0.800434
-0.774879
-0.640647
-0.621587
-0.521051
-0.506618
-0.429947
-0.418825
-0.359214
-0.350475
-0.30315
-0.296136
-0.257702
-0.251937
-0.21993
-0.215065
-0.18766
-0.183434
-0.159239
-0.15545
-0.133374
-0.129862
-0.109022
-0.105653
-0.0853064
-0.0819674
-0.0614599
-0.0580482
-0.0367773
-0.033196
-0.0105748
-0.00672681
0.0178486
0.0220659
0.0492511
0.0539519
0.0844946
0.0898125
0.124604
0.130702
0.170845
0.177927
0.224837
0.233169
0.288704
0.298642
0.36532
0.37735
0.458652
0.473451
0.574286
0.592809
0.720193
0.743798
0.907882
0.938499
1.15396
1.19422
1.48074
1.53365
1.91301
1.98117
2.47694
2.56136
3.20098
3.29137
3.98212
4.05204
-5.28921
-5.16192
-3.79844
-3.58424
-2.51328
-2.37819
-1.75133
-1.66885
-1.269
-1.21405
-0.943913
-0.906676
-0.721863
-0.696351
-0.567064
-0.549075
-0.455798
-0.442707
-0.373442
-0.363642
-0.310842
-0.303307
-0.262014
-0.256065
-0.222908
-0.218078
-0.190694
-0.186652
-0.163326
-0.159832
-0.13928
-0.13615
-0.117375
-0.114464
-0.096666
-0.0938561
-0.076364
-0.0735548
-0.0557811
-0.0528821
-0.0342853
-0.031211
-0.0112642
-0.00792906
0.0139106
0.0175972
0.0419202
0.0460598
0.0735423
0.078254
0.109707
0.115137
0.151573
0.157909
0.20064
0.208128
0.258911
0.267891
0.32916
0.340111
0.415345
0.428972
0.523309
0.540675
0.661953
0.684728
0.845394
0.876307
1.09668
1.14016
1.45187
1.51433
1.96479
2.05645
2.74509
2.89133
4.03595
4.26375
5.69483
5.82808
-5.78546
-5.61936
-3.91892
-3.70472
-2.52255
-2.38746
-1.73367
-1.65118
-1.24587
-1.19092
-0.921526
-0.884288
-0.702313
-0.676801
-0.550649
-0.53266
-0.442176
-0.429085
-0.362154
-0.352354
-0.301474
-0.293939
-0.254228
-0.248279
-0.21644
-0.21161
-0.18534
-0.181298
-0.15893
-0.155436
-0.135723
-0.132592
-0.114567
-0.111655
-0.0945399
-0.09173
-0.0748738
-0.0720645
-0.0548971
-0.0519981
-0.0339936
-0.0309193
-0.0115659
-0.00823081
0.0129986
0.0166853
0.0403643
0.0445039
0.0712894
0.0760012
0.106681
0.112111
0.147669
0.154005
0.195717
0.203205
0.252783
0.261763
0.321581
0.332533
0.406003
0.41963
0.511817
0.529184
0.64789
0.670666
0.828462
0.859375
1.07723
1.1207
1.43216
1.49461
1.95181
2.04348
2.76189
2.90814
4.16801
4.39582
6.16977
6.34332
-7.49546
-7.2287
-5.02536
-4.48584
-2.67489
-2.43249
-1.60472
-1.49934
-1.07711
-1.01937
-0.76716
-0.732223
-0.572805
-0.550722
-0.445249
-0.43044
-0.356937
-0.346443
-0.292966
-0.285221
-0.244974
-0.239068
-0.207862
-0.203222
-0.178309
-0.17455
-0.154035
-0.150886
-0.133404
-0.130665
-0.115194
-0.112712
-0.098456
-0.0961094
-0.0824259
-0.0801136
-0.0664618
-0.064097
-0.0500008
-0.0475049
-0.0325244
-0.0298229
-0.0135291
-0.0105471
0.00750143
0.010843
0.0311259
0.0349149
0.0579801
0.0623192
0.0888217
0.0938356
0.124591
0.130438
0.166502
0.17339
0.21618
0.224393
0.275885
0.285828
0.348898
0.361175
0.440209
0.455775
0.557863
0.578347
0.715851
0.744298
0.940052
0.982317
1.278
1.34498
1.82384
1.94188
2.84395
3.10271
5.00313
5.56104
7.84092
8.11461
-7.71136
-7.39706
-5.14106
-4.55576
-2.69559
-2.43262
-1.59545
-1.48112
-1.06314
-1.0005
-0.754041
-0.716139
-0.561602
-0.537645
-0.436026
-0.41996
-0.349425
-0.33804
-0.286837
-0.278435
-0.23995
-0.233543
-0.20373
-0.198696
-0.174907
-0.17083
-0.151245
-0.147829
-0.131136
-0.128165
-0.113383
-0.110691
-0.0970532
-0.0945075
-0.0813964
-0.0788879
-0.065782
-0.0632165
-0.0496569
-0.0469492
-0.0325116
-0.0295808
-0.0138516
-0.0106165
0.00683028
0.0104553
0.0300822
0.0341927
0.0565278
0.061235
0.0869092
0.0923486
0.122147
0.128491
0.16343
0.170902
0.212346
0.221256
0.271108
0.281894
0.342927
0.356246
0.432704
0.449591
0.548378
0.5706
0.70387
0.734731
0.925177
0.971027
1.26053
1.3332
1.80754
1.93561
2.84721
3.12793
5.07768
5.68294
8.01338
8.33581
)
;

boundaryField
{
    movingWall
    {
        type            zeroGradient;
    }
    fixedWalls
    {
        type            zeroGradient;
    }
    frontAndBack
    {
        type            empty;
    }
}


// ************************************************************************* //
