/*--------------------------------*- C++ -*----------------------------------*\
| =========                 |                                                 |
| \\      /  F ield         | OpenFOAM: The Open Source CFD Toolbox           |
|  \\    /   O peration     | Version:  2506                                  |
|   \\  /    A nd           | Website:  www.openfoam.com                      |
|    \\/     M anipulation  |                                                 |
\*---------------------------------------------------------------------------*/
FoamFile
{
    version     2.0;
    format      ascii;
    arch        "LSB;label=32;scalar=64";
    class       volScalarField;
    location    "5";
    object      magSqrP;
}
// * * * * * * * * * * * * * * * * * * * * * * * * * * * * * * * * * * * * * //

dimensions      [0 4 -4 0 0 0 0];

internalField   nonuniform List<scalar> 
400
(
8.57073e-35
0
1.40818e-25
1.38928e-28
3.40585e-27
0
0
0
0
0
0
0
0
0
0
0
0
0
0
0
0
0
0
0
1.97078e-29
0
0
0
0
0
0
0
0
0
0
0
0
0
0
0
2.30395e-27
0
0
0
0
0
0
0
0
0
0
0
0
0
0
0
0
0
0
0
0
1.0381e-24
0
5.52457e-30
0
0
0
0
0
0
0
0
0
0
0
0
0
0
0
0
0
0
0
0
0
0
0
0
0
0
0
0
0
0
0
0
0
0
0
0
6.42841e-29
1.33031e-24
0
1.89855e-29
0
0
0
0
0
0
0
0
0
0
0
0
0
0
0
0
0
0
0
0
0
0
0
0
0
0
0
0
0
0
0
0
0
0
0
0
6.6663e-28
1.08915e-24
0
1.69357e-30
0
0
0
0
0
0
0
0
0
0
0
0
0
0
0
0
0
0
0
0
0
0
0
0
0
0
0
0
0
0
0
0
0
0
0
0
1.44475e-27
7.57106e-25
0
0
0
0
0
0
0
0
0
0
0
0
0
0
0
0
0
0
0
0
0
0
0
0
0
0
0
0
0
0
0
0
0
0
0
0
0
0
2.11001e-27
4.85677e-25
0
0
0
0
0
0
0
0
0
0
0
0
0
0
0
0
0
0
0
0
0
0
0
0
0
0
0
0
0
0
0
0
0
0
0
0
0
0
2.47123e-27
3.07338e-25
0
0
0
0
0
0
0
0
0
0
0
0
0
0
0
0
0
0
0
0
0
0
0
0
0
0
0
0
0
0
0
0
0
0
0
0
0
0
2.95885e-27
2.02553e-25
0
0
0
0
0
0
0
0
0
0
0
0
0
0
0
0
0
0
0
0
0
0
0
0
0
0
0
0
0
0
0
0
0
0
0
0
0
0
4.31818e-27
1.34898e-25
0
0
0
0
0
0
0
0
0
0
0
0
0
0
0
0
0
0
0
0
1.17956e-28
0
1.99308e-29
0
0
0
0
0
0
0
0
0
0
0
0
0
0
0
3.91529e-28
0
9.6045e-26
0
1.51713e-27
0
0
0
0
0
0
0
0
0
0
0
0
0
0
0
)
;

boundaryField
{
    movingWall
    {
        type            calculated;
        value           nonuniform List<scalar> 
20
(
3.91529e-28
0
9.6045e-26
0
1.51713e-27
0
0
0
0
0
0
0
0
0
0
0
0
0
0
0
)
;
    }
    fixedWalls
    {
        type            calculated;
        value           nonuniform List<scalar> 
60
(
8.57073e-35
0
2.30395e-27
0
0
6.42841e-29
0
6.6663e-28
0
1.44475e-27
0
2.11001e-27
0
2.47123e-27
0
2.95885e-27
0
4.31818e-27
0
3.91529e-28
0
0
0
0
0
0
0
0
0
0
0
0
0
0
0
0
0
0
0
0
8.57073e-35
0
1.40818e-25
1.38928e-28
3.40585e-27
0
0
0
0
0
0
0
0
0
0
0
0
0
0
0
)
;
    }
    frontAndBack
    {
        type            empty;
    }
}


// ************************************************************************* //
