/*--------------------------------*- C++ -*----------------------------------*\
| =========                 |                                                 |
| \\      /  F ield         | OpenFOAM: The Open Source CFD Toolbox           |
|  \\    /   O peration     | Version:  2506                                  |
|   \\  /    A nd           | Website:  www.openfoam.com                      |
|    \\/     M anipulation  |                                                 |
\*---------------------------------------------------------------------------*/
FoamFile
{
    version     2.0;
    format      ascii;
    arch        "LSB;label=32;scalar=64";
    class       volScalarField;
    location    "5";
    object      pNear;
}
// * * * * * * * * * * * * * * * * * * * * * * * * * * * * * * * * * * * * * //

dimensions      [0 2 -2 0 0 0 0];

internalField   nonuniform List<scalar> 
400
(
9.25782e-18
0
3.75257e-13
1.17868e-14
5.83597e-14
0
0
0
0
0
0
0
0
0
0
0
0
0
0
0
0
0
0
0
4.43935e-15
0
0
0
0
0
0
0
0
0
0
0
0
0
0
0
4.79995e-14
0
0
0
0
0
0
0
0
0
0
0
0
0
0
0
0
0
0
0
0
1.01887e-12
0
2.35044e-15
0
0
0
0
0
0
0
0
0
0
0
0
0
0
0
0
0
0
0
0
0
0
0
0
0
0
0
0
0
0
0
0
0
0
0
0
8.01774e-15
1.15339e-12
0
4.35724e-15
0
0
0
0
0
0
0
0
0
0
0
0
0
0
0
0
0
0
0
0
0
0
0
0
0
0
0
0
0
0
0
0
0
0
0
0
2.58192e-14
1.04362e-12
0
1.30137e-15
0
0
0
0
0
0
0
0
0
0
0
0
0
0
0
0
0
0
0
0
0
0
0
0
0
0
0
0
0
0
0
0
0
0
0
0
3.80099e-14
8.70118e-13
0
0
0
0
0
0
0
0
0
0
0
0
0
0
0
0
0
0
0
0
0
0
0
0
0
0
0
0
0
0
0
0
0
0
0
0
0
0
4.59349e-14
6.96905e-13
0
0
0
0
0
0
0
0
0
0
0
0
0
0
0
0
0
0
0
0
0
0
0
0
0
0
0
0
0
0
0
0
0
0
0
0
0
0
4.97115e-14
5.54381e-13
0
0
0
0
0
0
0
0
0
0
0
0
0
0
0
0
0
0
0
0
0
0
0
0
0
0
0
0
0
0
0
0
0
0
0
0
0
0
5.43953e-14
4.50059e-13
0
0
0
0
0
0
0
0
0
0
0
0
0
0
0
0
0
0
0
0
0
0
0
0
0
0
0
0
0
0
0
0
0
0
0
0
0
0
6.57129e-14
3.67284e-13
0
0
0
0
0
0
0
0
0
0
0
0
0
0
0
0
0
0
0
0
1.08607e-14
0
4.4644e-15
0
0
0
0
0
0
0
0
0
0
0
0
0
0
0
1.97871e-14
0
3.09911e-13
0
3.89503e-14
0
0
0
0
0
0
0
0
0
0
0
0
0
0
0
)
;

boundaryField
{
    movingWall
    {
        type            zeroGradient;
    }
    fixedWalls
    {
        type            calculated;
        value           nonuniform List<scalar> 
60
(
7.86915e-18
7.20131e-15
3.35996e-14
7.19992e-15
1.20266e-15
5.61242e-15
5.07554e-15
1.80734e-14
9.57436e-15
2.66069e-14
1.25917e-14
3.21544e-14
1.4347e-14
3.4798e-14
1.5616e-14
3.80767e-14
1.80162e-14
4.5999e-14
1.2825e-14
1.6819e-14
0
0
0
0
0
0
0
0
0
0
0
0
0
0
0
0
0
0
0
0
7.86915e-18
5.62899e-14
2.64448e-13
7.32932e-14
4.26198e-14
8.75395e-15
0
0
0
0
0
0
0
0
0
0
0
0
0
0
)
;
    }
    frontAndBack
    {
        type            empty;
    }
}


// ************************************************************************* //
