/*--------------------------------*- C++ -*----------------------------------*\
| =========                 |                                                 |
| \\      /  F ield         | OpenFOAM: The Open Source CFD Toolbox           |
|  \\    /   O peration     | Version:  2506                                  |
|   \\  /    A nd           | Website:  www.openfoam.com                      |
|    \\/     M anipulation  |                                                 |
\*---------------------------------------------------------------------------*/
FoamFile
{
    version     2.0;
    format      ascii;
    arch        "LSB;label=32;scalar=64";
    class       volScalarField;
    location    "2.875";
    object      pNear;
}
// * * * * * * * * * * * * * * * * * * * * * * * * * * * * * * * * * * * * * //

dimensions      [0 2 -2 0 0 0 0];

internalField   nonuniform List<scalar> 
400
(
1.2299e-11
0
0
0
0
0
0
0
0
0
0
0
0
0
0
0
0
0
0
0
5.62925e-09
0
0
0
0
0
0
0
0
0
0
0
0
0
0
0
0
0
0
0
2.33e-08
0
0
0
0
0
0
0
0
0
0
0
0
0
0
0
0
0
0
0
2.55877e-08
0
0
0
0
0
0
0
0
0
0
0
0
0
0
0
0
0
0
0
0
0
0
0
0
0
0
0
0
0
0
0
0
0
0
0
0
0
0
0
0
5.93681e-09
0
0
0
0
0
0
0
0
0
0
0
0
0
0
0
0
0
0
0
7.76987e-09
0
0
0
0
0
0
0
0
0
0
0
0
0
0
0
0
0
0
0
7.5583e-09
0
0
0
0
0
0
0
0
0
0
0
0
0
0
0
0
0
0
0
2.86046e-09
0
0
0
0
0
0
0
0
0
0
0
0
0
0
0
0
0
0
0
0
0
0
0
0
0
0
0
0
0
0
0
0
0
0
0
0
0
0
0
7.12224e-08
0
0
0
0
0
0
0
0
0
0
0
0
0
0
0
0
0
0
0
0
0
0
0
0
0
0
0
0
0
0
0
0
0
0
0
0
0
0
0
2.16531e-07
0
0
0
0
0
0
0
0
0
0
0
0
0
0
0
0
0
0
0
0
0
0
0
0
0
0
0
0
0
0
0
0
0
0
0
0
0
0
0
4.74798e-07
0
0
0
0
0
0
0
0
0
0
0
0
0
0
0
0
0
0
0
0
0
0
0
0
0
0
0
0
0
0
0
0
0
0
0
0
0
0
0
9.03724e-07
0
3.29285e-08
0
0
0
0
0
0
0
0
0
0
0
0
0
0
0
0
0
1.49119e-07
0
0
0
0
0
0
0
0
0
0
0
0
0
0
0
0
0
0
0
3.37631e-07
0
0
0
0
0
0
0
0
0
0
0
0
0
0
0
0
0
0
1.59642e-06
0
9.22137e-08
0
0
0
0
0
0
0
0
0
0
0
0
0
0
0
0
0
)
;

boundaryField
{
    movingWall
    {
        type            zeroGradient;
    }
    fixedWalls
    {
        type            calculated;
        value           nonuniform List<scalar> 
60
(
8.54841e-10
7.43732e-09
2.09926e-08
2.14064e-08
3.83815e-09
0
0
0
0
0
0
0
0
0
0
0
0
0
2.39463e-07
1.35696e-06
0
0
0
0
0
0
0
0
0
0
0
0
0
0
0
0
0
0
0
0
1.04541e-11
1.84485e-12
0
0
0
0
0
0
0
0
0
0
0
0
0
0
0
0
0
0
)
;
    }
    frontAndBack
    {
        type            empty;
    }
}


// ************************************************************************* //
