/*--------------------------------*- C++ -*----------------------------------*\
| =========                 |                                                 |
| \\      /  F ield         | OpenFOAM: The Open Source CFD Toolbox           |
|  \\    /   O peration     | Version:  2506                                  |
|   \\  /    A nd           | Website:  www.openfoam.com                      |
|    \\/     M anipulation  |                                                 |
\*---------------------------------------------------------------------------*/
FoamFile
{
    version     2.0;
    format      ascii;
    arch        "LSB;label=32;scalar=64";
    class       volScalarField;
    location    "3.375";
    object      staticCoeffP;
}
// * * * * * * * * * * * * * * * * * * * * * * * * * * * * * * * * * * * * * //

dimensions      [0 0 0 0 0 0 0];

internalField   nonuniform List<scalar> 
400
(
0
1.52339e-09
0
0
0
0
0
0
0
0
0
0
0
0
0
0
0
0
0
0
0
0
0
0
0
0
0
0
0
0
0
0
0
0
0
0
0
0
0
0
5.35516e-10
9.8737e-09
2.21558e-10
3.69722e-10
0
0
0
0
0
0
0
0
0
0
0
0
0
0
0
0
0
0
0
0
0
0
0
0
0
0
0
0
0
0
0
0
0
0
0
0
6.62864e-10
1.89329e-08
6.20181e-10
9.54202e-10
0
0
0
0
0
0
0
0
0
0
0
0
0
0
0
0
0
0
0
0
0
0
0
0
0
0
0
0
0
0
0
0
0
0
0
0
0
2.8306e-08
1.07551e-09
1.65244e-09
0
0
0
0
0
0
0
0
0
0
0
0
0
0
0
0
2.28743e-09
0
0
0
0
0
0
0
0
0
0
0
0
0
0
0
0
0
0
0
0
3.11303e-08
7.88477e-10
1.92279e-09
0
0
0
0
0
0
0
0
0
0
0
0
0
0
0
0
3.59888e-09
0
0
0
0
0
0
0
0
0
0
0
0
0
0
0
0
0
0
0
0
2.88555e-08
6.57254e-10
1.82545e-09
0
0
0
0
0
0
0
0
0
0
0
0
0
0
0
0
3.48652e-09
0
0
0
0
0
0
0
0
0
0
0
0
0
0
0
0
0
0
0
0
2.44648e-08
5.36823e-10
1.55439e-09
0
0
0
0
0
0
0
0
0
0
0
0
0
0
0
0
2.92901e-09
0
0
0
0
0
0
0
0
0
0
0
0
0
0
0
0
0
0
0
0
1.88423e-08
4.04026e-10
1.18665e-09
0
0
0
0
0
0
0
0
0
0
0
0
0
0
0
0
2.14834e-09
0
0
0
0
0
0
0
0
0
0
0
0
0
0
0
0
0
0
0
0
1.28142e-08
2.42022e-10
7.82703e-10
0
0
0
0
0
0
0
0
0
0
0
0
0
0
0
0
1.06527e-09
0
0
0
0
0
0
0
0
0
0
0
0
0
0
0
0
0
0
0
0
6.415e-09
8.63816e-11
3.14011e-10
0
0
0
0
0
0
0
0
0
0
0
0
0
0
0
0
6.10767e-10
0
0
0
0
0
0
0
0
0
0
0
0
0
0
0
0
0
0
0
)
;

boundaryField
{
    movingWall
    {
        type            calculated;
        value           nonuniform List<scalar> 
20
(
6.10767e-10
0
0
0
0
0
0
0
0
0
0
0
0
0
0
0
0
0
0
0
)
;
    }
    fixedWalls
    {
        type            calculated;
        value           nonuniform List<scalar> 
60
(
0
0
5.35516e-10
0
6.62864e-10
0
0
2.28743e-09
0
3.59888e-09
0
3.48652e-09
0
2.92901e-09
0
2.14834e-09
0
1.06527e-09
0
6.10767e-10
0
0
0
0
0
0
0
0
0
0
0
0
0
0
0
0
0
0
0
0
0
1.52339e-09
0
0
0
0
0
0
0
0
0
0
0
0
0
0
0
0
0
0
)
;
    }
    frontAndBack
    {
        type            empty;
    }
}


// ************************************************************************* //
