/*--------------------------------*- C++ -*----------------------------------*\
| =========                 |                                                 |
| \\      /  F ield         | OpenFOAM: The Open Source CFD Toolbox           |
|  \\    /   O peration     | Version:  2506                                  |
|   \\  /    A nd           | Website:  www.openfoam.com                      |
|    \\/     M anipulation  |                                                 |
\*---------------------------------------------------------------------------*/
FoamFile
{
    version     2.0;
    format      ascii;
    arch        "LSB;label=32;scalar=64";
    class       volScalarField;
    location    "6.375";
    object      staticCoeffP;
}
// * * * * * * * * * * * * * * * * * * * * * * * * * * * * * * * * * * * * * //

dimensions      [0 0 0 0 0 0 0];

internalField   nonuniform List<scalar> 
400
(
1.77636e-15
7.10543e-15
5.77316e-15
7.10543e-15
7.99361e-15
8.43769e-15
8.88178e-15
8.88178e-15
9.32587e-15
9.76996e-15
9.32587e-15
8.88178e-15
8.88178e-15
8.88178e-15
9.32587e-15
9.32587e-15
9.32587e-15
9.76996e-15
9.76996e-15
8.88178e-15
6.66134e-15
0
6.21725e-15
6.66134e-15
7.99361e-15
8.88178e-15
8.88178e-15
9.32587e-15
8.88178e-15
9.32587e-15
8.88178e-15
9.32587e-15
9.32587e-15
8.88178e-15
9.32587e-15
9.32587e-15
9.76996e-15
9.76996e-15
9.32587e-15
8.88178e-15
6.21725e-15
6.66134e-15
6.66134e-15
7.54952e-15
8.43769e-15
8.88178e-15
8.88178e-15
9.32587e-15
8.88178e-15
9.32587e-15
9.32587e-15
9.32587e-15
9.32587e-15
9.32587e-15
9.32587e-15
9.32587e-15
9.32587e-15
9.32587e-15
9.32587e-15
9.32587e-15
5.77316e-15
9.76996e-15
7.54952e-15
8.43769e-15
8.43769e-15
9.32587e-15
9.76996e-15
9.32587e-15
9.32587e-15
9.32587e-15
9.32587e-15
9.32587e-15
9.76996e-15
9.32587e-15
9.32587e-15
9.32587e-15
9.32587e-15
9.32587e-15
9.32587e-15
9.32587e-15
7.54952e-15
4.88498e-15
8.43769e-15
8.88178e-15
8.88178e-15
9.32587e-15
9.76996e-15
9.32587e-15
9.32587e-15
9.32587e-15
9.32587e-15
9.32587e-15
9.76996e-15
9.32587e-15
9.76996e-15
9.32587e-15
9.32587e-15
8.88178e-15
8.88178e-15
9.76996e-15
6.66134e-15
1.11022e-14
8.88178e-15
9.76996e-15
9.32587e-15
9.76996e-15
9.76996e-15
9.76996e-15
9.32587e-15
9.32587e-15
9.32587e-15
9.32587e-15
9.76996e-15
9.32587e-15
9.76996e-15
9.32587e-15
8.88178e-15
8.88178e-15
9.32587e-15
9.76996e-15
8.43769e-15
1.06581e-14
8.88178e-15
9.32587e-15
9.76996e-15
9.76996e-15
1.02141e-14
9.76996e-15
9.32587e-15
9.32587e-15
9.32587e-15
9.32587e-15
9.32587e-15
9.32587e-15
9.32587e-15
9.32587e-15
8.43769e-15
8.88178e-15
9.32587e-15
9.76996e-15
1.02141e-14
3.9968e-15
8.88178e-15
8.88178e-15
9.76996e-15
1.02141e-14
1.02141e-14
9.76996e-15
9.32587e-15
9.76996e-15
9.76996e-15
9.32587e-15
9.76996e-15
9.32587e-15
8.88178e-15
9.32587e-15
8.88178e-15
9.32587e-15
9.32587e-15
9.32587e-15
8.43769e-15
1.28786e-14
9.32587e-15
9.76996e-15
9.76996e-15
9.76996e-15
1.02141e-14
9.76996e-15
9.76996e-15
9.76996e-15
9.76996e-15
9.32587e-15
9.32587e-15
9.76996e-15
9.32587e-15
9.32587e-15
9.32587e-15
9.32587e-15
9.32587e-15
9.32587e-15
8.43769e-15
7.54952e-15
9.32587e-15
9.32587e-15
9.76996e-15
9.76996e-15
9.76996e-15
9.32587e-15
9.76996e-15
9.76996e-15
9.76996e-15
9.32587e-15
9.76996e-15
1.02141e-14
9.76996e-15
9.32587e-15
8.88178e-15
9.32587e-15
9.32587e-15
9.76996e-15
8.43769e-15
8.43769e-15
9.32587e-15
9.32587e-15
9.32587e-15
9.76996e-15
9.76996e-15
9.32587e-15
9.76996e-15
9.76996e-15
9.32587e-15
9.76996e-15
9.76996e-15
1.02141e-14
9.76996e-15
9.32587e-15
9.32587e-15
9.32587e-15
9.76996e-15
9.76996e-15
8.88178e-15
1.19904e-14
8.88178e-15
9.32587e-15
9.32587e-15
9.32587e-15
9.76996e-15
9.76996e-15
9.32587e-15
9.76996e-15
9.76996e-15
9.76996e-15
9.76996e-15
1.02141e-14
9.76996e-15
8.88178e-15
9.32587e-15
9.32587e-15
9.76996e-15
9.76996e-15
9.76996e-15
3.10862e-15
8.88178e-15
8.88178e-15
9.32587e-15
9.32587e-15
9.32587e-15
9.32587e-15
9.76996e-15
9.76996e-15
9.76996e-15
9.76996e-15
9.76996e-15
9.76996e-15
9.76996e-15
8.88178e-15
9.76996e-15
9.76996e-15
9.32587e-15
9.76996e-15
8.43769e-15
1.28786e-14
8.43769e-15
8.88178e-15
8.88178e-15
9.32587e-15
9.32587e-15
9.32587e-15
9.32587e-15
9.76996e-15
9.76996e-15
9.76996e-15
9.76996e-15
9.76996e-15
9.76996e-15
9.32587e-15
9.76996e-15
9.32587e-15
9.76996e-15
9.76996e-15
8.88178e-15
8.43769e-15
8.88178e-15
8.88178e-15
8.88178e-15
8.88178e-15
9.32587e-15
9.32587e-15
9.32587e-15
9.32587e-15
9.76996e-15
9.76996e-15
9.76996e-15
9.76996e-15
9.32587e-15
9.32587e-15
9.32587e-15
9.32587e-15
9.76996e-15
9.76996e-15
9.32587e-15
5.32907e-15
8.88178e-15
8.88178e-15
8.88178e-15
8.88178e-15
8.88178e-15
9.32587e-15
9.32587e-15
9.32587e-15
9.32587e-15
9.32587e-15
9.32587e-15
9.76996e-15
9.76996e-15
9.32587e-15
9.32587e-15
9.32587e-15
9.76996e-15
1.02141e-14
7.54952e-15
1.11022e-14
8.43769e-15
8.88178e-15
8.43769e-15
8.88178e-15
8.88178e-15
9.32587e-15
8.88178e-15
9.32587e-15
9.76996e-15
9.32587e-15
9.76996e-15
9.76996e-15
9.76996e-15
9.76996e-15
9.32587e-15
9.76996e-15
9.76996e-15
1.02141e-14
8.43769e-15
7.99361e-15
8.43769e-15
8.43769e-15
8.43769e-15
8.88178e-15
8.88178e-15
8.88178e-15
9.32587e-15
9.32587e-15
9.76996e-15
9.76996e-15
9.32587e-15
9.32587e-15
9.76996e-15
9.76996e-15
9.76996e-15
9.76996e-15
9.76996e-15
1.02141e-14
8.88178e-15
4.88498e-15
7.99361e-15
7.99361e-15
8.43769e-15
8.88178e-15
8.88178e-15
9.32587e-15
9.32587e-15
9.32587e-15
9.32587e-15
9.32587e-15
9.32587e-15
9.32587e-15
9.76996e-15
9.76996e-15
9.32587e-15
9.76996e-15
1.02141e-14
1.06581e-14
6.21725e-15
1.02141e-14
7.99361e-15
8.88178e-15
8.88178e-15
8.88178e-15
8.88178e-15
9.32587e-15
9.32587e-15
9.32587e-15
8.88178e-15
8.88178e-15
8.88178e-15
9.32587e-15
9.76996e-15
9.76996e-15
9.76996e-15
9.76996e-15
1.02141e-14
1.06581e-14
)
;

boundaryField
{
    movingWall
    {
        type            calculated;
        value           nonuniform List<scalar> 
20
(
6.21725e-15
1.02141e-14
7.99361e-15
8.88178e-15
8.88178e-15
8.88178e-15
8.88178e-15
9.32587e-15
9.32587e-15
9.32587e-15
8.88178e-15
8.88178e-15
8.88178e-15
9.32587e-15
9.76996e-15
9.76996e-15
9.76996e-15
9.76996e-15
1.02141e-14
1.06581e-14
)
;
    }
    fixedWalls
    {
        type            calculated;
        value           nonuniform List<scalar> 
60
(
1.77636e-15
6.66134e-15
6.21725e-15
5.77316e-15
7.54952e-15
6.66134e-15
8.43769e-15
1.02141e-14
8.43769e-15
8.43769e-15
8.43769e-15
8.88178e-15
9.76996e-15
8.43769e-15
8.88178e-15
9.32587e-15
7.54952e-15
8.43769e-15
8.88178e-15
6.21725e-15
8.88178e-15
8.88178e-15
9.32587e-15
9.32587e-15
9.76996e-15
9.76996e-15
9.76996e-15
9.32587e-15
9.32587e-15
9.76996e-15
9.76996e-15
9.76996e-15
9.76996e-15
9.76996e-15
9.76996e-15
1.02141e-14
1.02141e-14
1.02141e-14
1.06581e-14
1.06581e-14
1.77636e-15
7.10543e-15
5.77316e-15
7.10543e-15
7.99361e-15
8.43769e-15
8.88178e-15
8.88178e-15
9.32587e-15
9.76996e-15
9.32587e-15
8.88178e-15
8.88178e-15
8.88178e-15
9.32587e-15
9.32587e-15
9.32587e-15
9.76996e-15
9.76996e-15
8.88178e-15
)
;
    }
    frontAndBack
    {
        type            empty;
    }
}


// ************************************************************************* //
